Exchanges:  {'EX_cpd00067_e0_o': 21.753473, 'EX_cpd00007_e0_o': 111.932184, 'EX_cpd00048_e0_i': 0.351318, 'EX_cpd00001_e0_i': 95.59228, 'EX_cpd00013_e0_i': 15.547783, 'EX_cpd11632_e0_i': 909.497991, 'EX_cpd00011_e0_i': 109.265404, 'EX_cpd00009_e0_i': 5.520706, 'EX_cpd00099_e0_i': 0.0}
[Init] V0_init=-2: unscored reactions left at 0 (no mean/2 imputation)

[Init] Injecting 9 exchange flux ceilings into V0...
-> Successfully replaced 9 matrix columns.

[Init] media chain: set 39 columns from media_chain_init.tsv
-> [Init] Successfully forced 'bio1' initialization to 0.0
[EarlyStop] patience_limit=500  min_delta=0.001
QP-Loss 1000 2466.2993 998.56757
QP-Loss 2000 937.9007 321.98462
QP-Loss 3000 522.0372 182.4497
QP-Loss 4000 321.6278 109.68492
QP-Loss 5000 208.65828 76.71543
QP-Loss 6000 141.59792 62.559216
QP-Loss 7000 100.452065 54.851116
QP-Loss 8000 74.36767 48.91762
QP-Loss 9000 57.22212 43.511414
QP-Loss 10000 45.491337 38.43841
QP-Loss 11000 37.12386 33.72184
QP-Loss 12000 30.92365 29.450417
QP-Loss 13000 26.168587 25.651339
QP-Loss 14000 22.4149 22.3177
QP-Loss 15000 19.381624 19.417652
QP-Loss 16000 16.883307 16.90585
QP-Loss 17000 14.803467 14.751664
QP-Loss 18000 13.051707 12.898866
QP-Loss 19000 11.565551 11.301511
QP-Loss 20000 10.292875 9.920882
QP-Loss 21000 9.195942 8.725373
QP-Loss 22000 8.244809 7.6882434
QP-Loss 23000 7.41635 6.786679
QP-Loss 24000 6.6915812 6.001264
QP-Loss 25000 6.055056 5.3155336
QP-Loss 26000 5.494513 4.7155905
QP-Loss 27000 4.999475 4.189717
QP-Loss 28000 4.561071 3.7279847
QP-Loss 29000 4.1718574 3.3219395
QP-Loss 30000 3.8254387 2.9641974
QP-Loss 31000 3.516383 2.6485243
QP-Loss 32000 3.2399476 2.369477
QP-Loss 33000 2.9922326 2.1226726
QP-Loss 34000 2.769739 1.9039787
QP-Loss 35000 2.5694823 1.7099978
QP-Loss 36000 2.3888943 1.5378402
QP-Loss 37000 2.2257507 1.3849758
QP-Loss 38000 2.0780857 1.2491869
QP-Loss 39000 1.9441923 1.1285343
QP-Loss 40000 1.8226162 1.0213866
QP-Loss 41000 1.7120075 0.9261866
QP-Loss 42000 1.6112071 0.841596
QP-Loss 43000 1.5191902 0.76647115
QP-Loss 44000 1.4350604 0.69974756
QP-Loss 45000 1.3580247 0.6405003
QP-Loss 46000 1.2873269 0.5878432
QP-Loss 47000 1.2223483 0.54102653
QP-Loss 48000 1.1625159 0.49941143
QP-Loss 49000 1.1072868 0.4624351
QP-Loss 50000 1.0563587 0.4295292
QP-Loss 51000 1.0093077 0.40024492
QP-Loss 52000 0.9657426 0.37416932
QP-Loss 53000 0.92533475 0.3509291
QP-Loss 54000 0.887811 0.33019656
QP-Loss 55000 0.8528879 0.31167796
QP-Loss 56000 0.82032126 0.2951079
QP-Loss 57000 0.7898841 0.28023744
QP-Loss 58000 0.76139337 0.2668609
QP-Loss 59000 0.734678 0.254786
QP-Loss 60000 0.7095714 0.24383813
QP-Loss 61000 0.6859346 0.23388773
QP-Loss 62000 0.66365397 0.22482668
QP-Loss 63000 0.642627 0.21657024
QP-Loss 64000 0.6227413 0.20901656
QP-Loss 65000 0.6039204 0.20209266
QP-Loss 66000 0.58608085 0.19573466
QP-Loss 67000 0.56914395 0.18986991
QP-Loss 68000 0.5530483 0.18445703
QP-Loss 69000 0.53772867 0.17944574
QP-Loss 70000 0.5231479 0.17479087
QP-Loss 71000 0.5092476 0.17045991
QP-Loss 72000 0.4959933 0.16642782
QP-Loss 73000 0.48333833 0.16265622
QP-Loss 74000 0.4712604 0.15912293
QP-Loss 75000 0.45970616 0.15579833
QP-Loss 76000 0.44865942 0.15266255
QP-Loss 77000 0.4380785 0.14970453
QP-Loss 78000 0.42793298 0.14690496
QP-Loss 79000 0.41819945 0.14424227
QP-Loss 80000 0.40886196 0.1417039
QP-Loss 81000 0.39989257 0.13928542
QP-Loss 82000 0.3912685 0.13697284
QP-Loss 83000 0.38297358 0.13475466
QP-Loss 84000 0.37498847 0.13261786
QP-Loss 85000 0.36730155 0.13055746
QP-Loss 86000 0.3598949 0.1285725
QP-Loss 87000 0.3527454 0.12666023
QP-Loss 88000 0.3458471 0.12481318
QP-Loss 89000 0.33918276 0.12301939
QP-Loss 90000 0.33274487 0.12128326
QP-Loss 91000 0.32651696 0.1195937
QP-Loss 92000 0.32049105 0.117957495
QP-Loss 93000 0.31465518 0.116367385
QP-Loss 94000 0.309011 0.11481803
QP-Loss 95000 0.30354688 0.11330584
QP-Loss 96000 0.29824352 0.11183388
QP-Loss 97000 0.29309863 0.11040151
QP-Loss 98000 0.28810677 0.109006025
QP-Loss 99000 0.28326774 0.107643455
QP-Loss 100000 0.27857387 0.106303476
QP-Loss 101000 0.27401313 0.104991466
QP-Loss 102000 0.2695745 0.10370842
QP-Loss 103000 0.2652565 0.1024521
QP-Loss 104000 0.26105458 0.10121795
QP-Loss 105000 0.25696698 0.100011565
QP-Loss 106000 0.25298443 0.098823845
QP-Loss 107000 0.24910589 0.09765142
QP-Loss 108000 0.24532549 0.09649863
QP-Loss 109000 0.24163955 0.09536376
QP-Loss 110000 0.23804529 0.09424964
QP-Loss 111000 0.23454 0.09315414
QP-Loss 112000 0.23112364 0.09207643
QP-Loss 113000 0.22779135 0.09102077
QP-Loss 114000 0.22453545 0.089981
QP-Loss 115000 0.2213525 0.08895936
QP-Loss 116000 0.21824557 0.0879609
QP-Loss 117000 0.2152081 0.08697985
QP-Loss 118000 0.21223664 0.08601284
QP-Loss 119000 0.20933433 0.08506147
QP-Loss 120000 0.20649724 0.08412234
QP-Loss 121000 0.20372029 0.08319646
QP-Loss 122000 0.201002 0.082284436
QP-Loss 123000 0.19833942 0.081384376
QP-Loss 124000 0.19573154 0.08049641
QP-Loss 125000 0.19317722 0.07962112
QP-Loss 126000 0.19067304 0.078752995
QP-Loss 127000 0.18821943 0.077895835
QP-Loss 128000 0.18581408 0.07705247
QP-Loss 129000 0.18345654 0.076221526
QP-Loss 130000 0.18114193 0.075400434
QP-Loss 131000 0.1788708 0.07458655
QP-Loss 132000 0.17664467 0.07378241
QP-Loss 133000 0.17446077 0.07298921
QP-Loss 134000 0.17232537 0.0722286
QP-Loss 135000 0.17023998 0.07151086
QP-Loss 136000 0.16819258 0.07080126
QP-Loss 137000 0.16618095 0.07010215
QP-Loss 138000 0.16420436 0.06941232
QP-Loss 139000 0.1622624 0.06873006
QP-Loss 140000 0.16035539 0.06805659
QP-Loss 141000 0.15848236 0.067394316
QP-Loss 142000 0.15664147 0.06673998
QP-Loss 143000 0.15483075 0.06609133
QP-Loss 144000 0.15305363 0.06545213
QP-Loss 145000 0.15130751 0.064821094
QP-Loss 146000 0.14959322 0.06419724
QP-Loss 147000 0.14790845 0.06358079
QP-Loss 148000 0.14625202 0.06297081
QP-Loss 149000 0.14462237 0.062368613
QP-Loss 150000 0.14301749 0.06177296
QP-Loss 151000 0.14143954 0.06118544
QP-Loss 152000 0.13988693 0.060603708
QP-Loss 153000 0.13835908 0.06002843
QP-Loss 154000 0.13685401 0.059459217
QP-Loss 155000 0.13537346 0.058896832
QP-Loss 156000 0.13391604 0.05833893
QP-Loss 157000 0.13248183 0.057789087
QP-Loss 158000 0.13106847 0.057245
QP-Loss 159000 0.12967582 0.056706104
QP-Loss 160000 0.1283046 0.05617411
QP-Loss 161000 0.12695457 0.05564774
QP-Loss 162000 0.12562671 0.055127766
QP-Loss 163000 0.12431838 0.054612808
QP-Loss 164000 0.12302762 0.05410247
QP-Loss 165000 0.12175497 0.053596564
QP-Loss 166000 0.12050039 0.053096354
QP-Loss 167000 0.119263686 0.05260315
QP-Loss 168000 0.1180464 0.052117404
QP-Loss 169000 0.11684453 0.051636524
QP-Loss 170000 0.11565962 0.051160842
QP-Loss 171000 0.1144905 0.05069115
QP-Loss 172000 0.11333718 0.050226815
QP-Loss 173000 0.11220058 0.049769435
QP-Loss 174000 0.11107958 0.049318
QP-Loss 175000 0.109972976 0.048870135
QP-Loss 176000 0.10888151 0.048426256
QP-Loss 177000 0.10780612 0.0479857
QP-Loss 178000 0.106743656 0.04754924
QP-Loss 179000 0.10569564 0.04711553
QP-Loss 180000 0.10466182 0.046686094
QP-Loss 181000 0.103641845 0.04626127
QP-Loss 182000 0.10263434 0.045841474
QP-Loss 183000 0.10164133 0.045426223
QP-Loss 184000 0.10066172 0.045015376
QP-Loss 185000 0.09969423 0.044607837
QP-Loss 186000 0.09873889 0.04420419
QP-Loss 187000 0.0977963 0.04380438
QP-Loss 188000 0.096871056 0.04342482
QP-Loss 189000 0.09596773 0.04308078
QP-Loss 190000 0.095075645 0.042740412
QP-Loss 191000 0.09419593 0.04240613
QP-Loss 192000 0.09332732 0.042075522
QP-Loss 193000 0.0924718 0.041747402
QP-Loss 194000 0.09162704 0.04142257
QP-Loss 195000 0.090792865 0.041100856
QP-Loss 196000 0.08996877 0.040782593
QP-Loss 197000 0.08915475 0.040467437
QP-Loss 198000 0.08835032 0.0401551
QP-Loss 199000 0.08755604 0.039846774
QP-Loss 200000 0.08677106 0.039541095
QP-Loss 201000 0.08599543 0.039238505
QP-Loss 202000 0.085229486 0.03893855
QP-Loss 203000 0.084473096 0.038641673
QP-Loss 204000 0.083725564 0.03834762
QP-Loss 205000 0.08298709 0.03805799
QP-Loss 206000 0.082257755 0.037771028
QP-Loss 207000 0.08153832 0.037488002
QP-Loss 208000 0.08082789 0.037208103
QP-Loss 209000 0.080126025 0.036930997
QP-Loss 210000 0.07943196 0.036655597
QP-Loss 211000 0.07874602 0.036382686
QP-Loss 212000 0.078069754 0.036117315
QP-Loss 213000 0.0774029 0.035858653
QP-Loss 214000 0.07674364 0.03560246
QP-Loss 215000 0.0760924 0.03534863
QP-Loss 216000 0.075454265 0.03511233
QP-Loss 217000 0.074825704 0.03488382
QP-Loss 218000 0.07420481 0.034658156
QP-Loss 219000 0.07359073 0.03443409
QP-Loss 220000 0.07298347 0.034211956
QP-Loss 221000 0.07238284 0.033991538
QP-Loss 222000 0.07178987 0.03377502
QP-Loss 223000 0.07120476 0.033563167
QP-Loss 224000 0.07062678 0.033353567
QP-Loss 225000 0.070055865 0.033146206
QP-Loss 226000 0.06949139 0.032941096
QP-Loss 227000 0.06893355 0.032738063
Step 227855: freezing conditions [0] (losses [0.06385491043329239])
QP-Loss 228000 0.06838237 0.03253647
QP-Loss 229000 0.06784207 0.032336455
QP-Loss 230000 0.06730761 0.03213822
QP-Loss 231000 0.06677893 0.031941615
QP-Loss 232000 0.0662562 0.031747464
QP-Loss 233000 0.06573937 0.03155559
QP-Loss 234000 0.06522793 0.03136555
QP-Loss 235000 0.064722486 0.031178176
QP-Loss 236000 0.06422267 0.030992422
QP-Loss 237000 0.06372843 0.030808354
QP-Loss 238000 0.0632399 0.03062624
QP-Loss 239000 0.06275648 0.030445881
QP-Loss 240000 0.06227829 0.030267786
QP-Loss 241000 0.06180558 0.030092513
QP-Loss 242000 0.06133799 0.02991912
QP-Loss 243000 0.06087557 0.029747369
QP-Loss 244000 0.06041786 0.029577503
QP-Loss 245000 0.059964746 0.029408993
QP-Loss 246000 0.05951662 0.029242512
QP-Loss 247000 0.059073616 0.029077677
QP-Loss 248000 0.05863543 0.02891447
QP-Loss 249000 0.058202203 0.028753122
QP-Loss 250000 0.057773475 0.028593158
QP-Loss 251000 0.05734983 0.028435476
QP-Loss 252000 0.056931783 0.028281268
QP-Loss 253000 0.056521744 0.028138485
QP-Loss 254000 0.056116164 0.027997816
QP-Loss 255000 0.055715 0.027858896
QP-Loss 256000 0.055318087 0.027721697
QP-Loss 257000 0.05492559 0.027586043
QP-Loss 258000 0.054540183 0.02746005
QP-Loss 259000 0.05416279 0.027347218
QP-Loss 260000 0.0537893 0.027235342
QP-Loss 261000 0.053419832 0.027126204
QP-Loss 262000 0.0530548 0.027019491
QP-Loss 263000 0.052693665 0.026914082
QP-Loss 264000 0.05233639 0.026809989
QP-Loss 265000 0.05198273 0.026706891
QP-Loss 266000 0.051632803 0.026604947
QP-Loss 267000 0.051286176 0.026503922
QP-Loss 268000 0.050943132 0.026403962
QP-Loss 269000 0.05060331 0.026305279
QP-Loss 270000 0.050266784 0.026207468
QP-Loss 271000 0.049933463 0.026110383
QP-Loss 272000 0.0496033 0.026014348
QP-Loss 273000 0.04927643 0.02591937
QP-Loss 274000 0.048952844 0.02582582
QP-Loss 275000 0.04863235 0.025733039
QP-Loss 276000 0.048315063 0.025641136
QP-Loss 277000 0.048000842 0.025550252
QP-Loss 278000 0.04768957 0.025460273
QP-Loss 279000 0.047381386 0.025371367
QP-Loss 280000 0.047076017 0.025283203
QP-Loss 281000 0.046773624 0.025196312
QP-Loss 282000 0.04647417 0.02511022
QP-Loss 283000 0.046177458 0.025024828
QP-Loss 284000 0.045883317 0.024940321
QP-Loss 285000 0.045592573 0.02485771
QP-Loss 286000 0.0453048 0.024776269
QP-Loss 287000 0.045019608 0.024695646
QP-Loss 288000 0.04473706 0.024615785
Step 288685: freezing conditions [3] (losses [0.0541686974465847])
QP-Loss 289000 0.044458523 0.024537144
QP-Loss 290000 0.04418559 0.024460599
QP-Loss 291000 0.043915126 0.024384825
QP-Loss 292000 0.043647215 0.024309872
QP-Loss 293000 0.04338163 0.024235914
QP-Loss 294000 0.043118447 0.024162734
QP-Loss 295000 0.042857606 0.024090333
QP-Loss 296000 0.04259923 0.02401891
QP-Loss 297000 0.04234336 0.023948196
Step 297626: freezing conditions [4] (losses [0.06571721285581589])
QP-Loss 298000 0.04209183 0.02388034
QP-Loss 299000 0.04184571 0.023816543
QP-Loss 300000 0.041601926 0.023753544
Step 300258: freezing conditions [1] (losses [0.05824176222085953])
QP-Loss 301000 0.04136395 0.02369407
QP-Loss 302000 0.041129228 0.023636302
QP-Loss 303000 0.0408967 0.023579443
QP-Loss 304000 0.04066636 0.023523517
QP-Loss 305000 0.04043787 0.023468548
QP-Loss 306000 0.040211387 0.023414379
Step 306521: freezing conditions [5] (losses [0.04818399250507355])
QP-Loss 307000 0.039989036 0.023361865
QP-Loss 308000 0.039770763 0.023311006
QP-Loss 309000 0.039554328 0.023261163
QP-Loss 310000 0.039339837 0.023212168
QP-Loss 311000 0.0391273 0.023164243
QP-Loss 312000 0.038916666 0.023117382
QP-Loss 313000 0.03870788 0.023071362
Step 313709: freezing conditions [9] (losses [0.05021834746003151])
QP-Loss 314000 0.03850237 0.023027135
QP-Loss 315000 0.038302153 0.022985995
QP-Loss 316000 0.03810356 0.022945793
QP-Loss 317000 0.037906773 0.022906346
QP-Loss 318000 0.037711635 0.022867726
QP-Loss 319000 0.037518267 0.022830019
QP-Loss 320000 0.037326705 0.022793226
QP-Loss 321000 0.037136856 0.022757346
QP-Loss 322000 0.03694867 0.022722404
QP-Loss 323000 0.036762383 0.022688726
QP-Loss 324000 0.03657976 0.022658857
QP-Loss 325000 0.036400687 0.02263286
QP-Loss 326000 0.036223754 0.022608552
QP-Loss 327000 0.036048423 0.022584843
QP-Loss 328000 0.035874706 0.022561776
QP-Loss 329000 0.0357025 0.022539372
QP-Loss 330000 0.035531696 0.022517428
QP-Loss 331000 0.035362344 0.022496032
QP-Loss 332000 0.03519452 0.022475157
QP-Loss 333000 0.035028826 0.022455944
QP-Loss 334000 0.034866266 0.022439765
QP-Loss 335000 0.03470507 0.02242399
QP-Loss 336000 0.034545287 0.022408621
QP-Loss 337000 0.034386706 0.02239369
QP-Loss 338000 0.034229662 0.02237935
QP-Loss 339000 0.034074023 0.022365445
QP-Loss 340000 0.033919755 0.022351969
QP-Loss 341000 0.033766765 0.022338996
QP-Loss 342000 0.033615053 0.022326529
QP-Loss 343000 0.03346472 0.022314407
QP-Loss 344000 0.0333157 0.022302696
QP-Loss 345000 0.033167843 0.022291362
QP-Loss 346000 0.033021163 0.022280464
QP-Loss 347000 0.03287577 0.022270055
QP-Loss 348000 0.03273192 0.022260064
QP-Loss 349000 0.032589212 0.022250524
QP-Loss 350000 0.03244932 0.02224399
QP-Loss 351000 0.03231404 0.022243563
QP-Loss 352000 0.032180075 0.022243286
QP-Loss 353000 0.032047357 0.022243254
QP-Loss 354000 0.031915843 0.022243502
QP-Loss 355000 0.031785443 0.02224402
QP-Loss 356000 0.031656165 0.022244701
QP-Loss 357000 0.031528104 0.022245483
QP-Loss 358000 0.031401135 0.022246473
QP-Loss 359000 0.031275228 0.022247722
QP-Loss 360000 0.031150386 0.022249239
QP-Loss 361000 0.031026611 0.022250788
QP-Loss 362000 0.030903896 0.022252401
QP-Loss 363000 0.03078255 0.022254776
QP-Loss 364000 0.030664062 0.022260094
QP-Loss 365000 0.030546715 0.022265732
QP-Loss 366000 0.030430526 0.022271466
QP-Loss 367000 0.030315345 0.0222772
QP-Loss 368000 0.030201033 0.022283006
QP-Loss 369000 0.03008774 0.02228894
QP-Loss 370000 0.029975874 0.022295155
QP-Loss 371000 0.02986533 0.02230156
QP-Loss 372000 0.02975592 0.022307986
QP-Loss 373000 0.029647382 0.022314508
QP-Loss 374000 0.02953971 0.022321107
QP-Loss 375000 0.029432835 0.022327676
Step 375273: freezing conditions [8] (losses [0.04735725745558739])
QP-Loss 376000 0.029329792 0.022336567
QP-Loss 377000 0.029228821 0.022346372
QP-Loss 378000 0.029128656 0.022356244
QP-Loss 379000 0.029029295 0.022366226
QP-Loss 380000 0.028930759 0.022376241
QP-Loss 381000 0.028833145 0.022386182
QP-Loss 382000 0.028736433 0.022396099
QP-Loss 383000 0.028641036 0.022406243
QP-Loss 384000 0.028546995 0.022416668
QP-Loss 385000 0.028454093 0.022427168
QP-Loss 386000 0.028362006 0.022437615
QP-Loss 387000 0.028270818 0.022448037
QP-Loss 388000 0.028180504 0.022458518
QP-Loss 389000 0.02809084 0.022469033
QP-Loss 390000 0.028001964 0.022479542
QP-Loss 391000 0.027913943 0.02249011
QP-Loss 392000 0.027826948 0.022500899
QP-Loss 393000 0.027740637 0.022511663
QP-Loss 394000 0.027655 0.02252248
QP-Loss 395000 0.027570074 0.02253326
QP-Loss 396000 0.027486233 0.022544125
QP-Loss 397000 0.027403375 0.022555113
QP-Loss 398000 0.02732125 0.022566233
QP-Loss 399000 0.027239807 0.02257737
QP-Loss 400000 0.027159015 0.022588478
QP-Loss 401000 0.027078873 0.022599583
QP-Loss 402000 0.026999598 0.022610627
QP-Loss 403000 0.026921028 0.022621667
QP-Loss 404000 0.026843136 0.022632692
QP-Loss 405000 0.026765859 0.022643682
QP-Loss 406000 0.026689164 0.022654708
QP-Loss 407000 0.026613211 0.022665666
QP-Loss 408000 0.02653794 0.022676582
QP-Loss 409000 0.026463246 0.022687513
QP-Loss 410000 0.026389144 0.022698408
QP-Loss 411000 0.02631562 0.022709284
QP-Loss 412000 0.026242701 0.022720171
QP-Loss 413000 0.026170379 0.022730947
QP-Loss 414000 0.026098646 0.022741694
QP-Loss 415000 0.026027508 0.022752376
QP-Loss 416000 0.025956893 0.022763064
QP-Loss 417000 0.025886757 0.022773758
QP-Loss 418000 0.025817165 0.022784384
QP-Loss 419000 0.025748149 0.022794932
QP-Loss 420000 0.025679687 0.022805458
QP-Loss 421000 0.025611727 0.022815967
QP-Loss 422000 0.02554437 0.022826463
QP-Loss 423000 0.025477609 0.022836957
QP-Loss 424000 0.025411395 0.022847464
QP-Loss 425000 0.025345752 0.02285791
QP-Loss 426000 0.025280803 0.022868361
QP-Loss 427000 0.025216341 0.02287879
QP-Loss 428000 0.02515237 0.022889186
QP-Loss 429000 0.025088845 0.022899542
QP-Loss 430000 0.0250258 0.022909855
QP-Loss 431000 0.02496325 0.022920124
QP-Loss 432000 0.024901202 0.022930365
QP-Loss 433000 0.02483957 0.022940569
QP-Loss 434000 0.024778401 0.022950755
QP-Loss 435000 0.02471772 0.022960898
QP-Loss 436000 0.02465752 0.022971021
QP-Loss 437000 0.024597853 0.022981107
QP-Loss 438000 0.024538688 0.022991126
QP-Loss 439000 0.02447992 0.02300113
QP-Loss 440000 0.024421588 0.023011103
QP-Loss 441000 0.024363963 0.023021208
QP-Loss 442000 0.024306865 0.023031346
QP-Loss 443000 0.024250193 0.02304144
QP-Loss 444000 0.024193985 0.023051511
QP-Loss 445000 0.024138302 0.023061557
QP-Loss 446000 0.024083018 0.023071576
QP-Loss 447000 0.024028147 0.023081567
QP-Loss 448000 0.023973674 0.023091538
QP-Loss 449000 0.02391974 0.023101445
QP-Loss 450000 0.023866216 0.023111328
QP-Loss 451000 0.0238131 0.023121199
QP-Loss 452000 0.023760453 0.023131093
QP-Loss 453000 0.023708211 0.023140943
QP-Loss 454000 0.023656368 0.023150757
QP-Loss 455000 0.023604875 0.023160545
QP-Loss 456000 0.023553789 0.023170311
QP-Loss 457000 0.023503056 0.02318004
QP-Loss 458000 0.023452712 0.023189742
QP-Loss 459000 0.023402685 0.023199396
QP-Loss 460000 0.02335303 0.02320904
QP-Loss 461000 0.023303723 0.023218643
QP-Loss 462000 0.023254776 0.02322821
QP-Loss 463000 0.023206204 0.023237742
QP-Loss 464000 0.023157945 0.023247253
QP-Loss 465000 0.023110053 0.023256734
QP-Loss 466000 0.023062507 0.023266178
QP-Loss 467000 0.02301532 0.02327559
QP-Loss 468000 0.0229685 0.023284998
QP-Loss 469000 0.02292207 0.023294361
QP-Loss 470000 0.022875935 0.023303691
QP-Loss 471000 0.022830278 0.023313014
QP-Loss 472000 0.022784969 0.023322327
QP-Loss 473000 0.022740016 0.023331616
QP-Loss 474000 0.022695387 0.02334085
QP-Loss 475000 0.022651076 0.023350071
QP-Loss 476000 0.022607138 0.023359263
QP-Loss 477000 0.022563592 0.02336842
QP-Loss 478000 0.022520373 0.023377523
QP-Loss 479000 0.022477442 0.023386613
QP-Loss 480000 0.022434821 0.02339569
QP-Loss 481000 0.022392528 0.023404725
QP-Loss 482000 0.02235058 0.023413718
QP-Loss 483000 0.022308925 0.023422688
QP-Loss 484000 0.022267565 0.02343165
QP-Loss 485000 0.022226498 0.023440579
QP-Loss 486000 0.02218573 0.023449466
QP-Loss 487000 0.022145316 0.023458343
QP-Loss 488000 0.02210516 0.0234672
QP-Loss 489000 0.022065295 0.02347603
QP-Loss 490000 0.022025755 0.023484834
QP-Loss 491000 0.021986486 0.023493608
QP-Loss 492000 0.02194751 0.023502365
QP-Loss 493000 0.021908814 0.023511086
QP-Loss 494000 0.021870388 0.023519784
QP-Loss 495000 0.021832237 0.023528459
QP-Loss 496000 0.021794358 0.023537096
QP-Loss 497000 0.021756776 0.023545712
QP-Loss 498000 0.021719463 0.023554295
QP-Loss 499000 0.021682411 0.023562856
QP-Loss 500000 0.021645635 0.023571393
QP-Loss 501000 0.021609128 0.023579888
QP-Loss 502000 0.021572882 0.023588369
QP-Loss 503000 0.021537008 0.023596799
QP-Loss 504000 0.021501482 0.023605203
QP-Loss 505000 0.02146622 0.023613568
QP-Loss 506000 0.02143121 0.02362191
QP-Loss 507000 0.021396533 0.023630215
QP-Loss 508000 0.021362163 0.023638481
QP-Loss 509000 0.021328053 0.023646718
QP-Loss 510000 0.021294171 0.023654934
QP-Loss 511000 0.021260625 0.023663107
QP-Loss 512000 0.021227324 0.02367125
QP-Loss 513000 0.021194493 0.02367941
QP-Loss 514000 0.021161998 0.023687547
QP-Loss 515000 0.021129766 0.023695666
QP-Loss 516000 0.021097794 0.023703739
QP-Loss 517000 0.021066068 0.023711784
QP-Loss 518000 0.021034585 0.0237198
QP-Loss 519000 0.021003341 0.023727791
QP-Loss 520000 0.020972332 0.02373577
QP-Loss 521000 0.020941556 0.02374371
QP-Loss 522000 0.020911008 0.023751615
QP-Loss 523000 0.020880692 0.023759492
QP-Loss 524000 0.020850593 0.023767339
QP-Loss 525000 0.02082072 0.02377517
QP-Loss 526000 0.020791093 0.023782965
QP-Loss 527000 0.020761712 0.023790708
QP-Loss 528000 0.020732535 0.023798434
QP-Loss 529000 0.020703586 0.023806132
QP-Loss 530000 0.02067485 0.023813812
QP-Loss 531000 0.020646496 0.023821477
QP-Loss 532000 0.020618873 0.02382913
QP-Loss 533000 0.020591512 0.023836771
QP-Loss 534000 0.020564353 0.023844374
QP-Loss 535000 0.020537406 0.023851952
QP-Loss 536000 0.020510668 0.023859497
QP-Loss 537000 0.020484162 0.023866983
QP-Loss 538000 0.02045782 0.023874437
QP-Loss 539000 0.020431772 0.023881832
QP-Loss 540000 0.020405943 0.02388917
QP-Loss 541000 0.02038037 0.023896448
QP-Loss 542000 0.020355018 0.023903668
QP-Loss 543000 0.020329958 0.023910835
QP-Loss 544000 0.020305192 0.023917975
QP-Loss 545000 0.02028108 0.023925053
QP-Loss 546000 0.020257298 0.023932109
QP-Loss 547000 0.020233743 0.023939116
QP-Loss 548000 0.020210413 0.023946073
QP-Loss 549000 0.020187518 0.02395307
QP-Loss 550000 0.020165661 0.023960387
QP-Loss 551000 0.020144237 0.02396777
QP-Loss 552000 0.020123111 0.023975126
QP-Loss 553000 0.020102218 0.02398244
QP-Loss 554000 0.020081513 0.023989724
QP-Loss 555000 0.020060975 0.02399697
QP-Loss 556000 0.020040626 0.02400419
QP-Loss 557000 0.020020416 0.024011347
QP-Loss 558000 0.020000346 0.02401846
QP-Loss 559000 0.019980453 0.024025524
QP-Loss 560000 0.019960733 0.024032554
QP-Loss 561000 0.019941278 0.024039514
QP-Loss 562000 0.01992213 0.024046443
QP-Loss 563000 0.019903181 0.024053328
QP-Loss 564000 0.019884396 0.024060149
QP-Loss 565000 0.019865783 0.024066918
QP-Loss 566000 0.019847328 0.02407364
QP-Loss 567000 0.019829027 0.024080303
QP-Loss 568000 0.019810848 0.024086924
QP-Loss 569000 0.019792818 0.024093492
QP-Loss 570000 0.019774972 0.024100006
QP-Loss 571000 0.019757308 0.024106469
QP-Loss 572000 0.019739779 0.024112893
QP-Loss 573000 0.019722385 0.024119267
QP-Loss 574000 0.019705117 0.024125602
QP-Loss 575000 0.019687977 0.024131885
QP-Loss 576000 0.019670974 0.024138128
QP-Loss 577000 0.019654075 0.024144327
QP-Loss 578000 0.019637289 0.024150481
Step 578565: freezing conditions [2] (losses [0.028071284294128418])
QP-Loss 579000 0.019621642 0.02415695
QP-Loss 580000 0.019607466 0.024163825
QP-Loss 581000 0.019593416 0.024170635
QP-Loss 582000 0.019579472 0.0241774
QP-Loss 583000 0.019565633 0.024184115
QP-Loss 584000 0.019551909 0.024190784
QP-Loss 585000 0.01953827 0.024197405
QP-Loss 586000 0.01952474 0.024203973
QP-Loss 587000 0.019511363 0.024210472
QP-Loss 588000 0.0194981 0.024216916
QP-Loss 589000 0.019485058 0.024223281
QP-Loss 590000 0.019472096 0.024229597
QP-Loss 591000 0.019459248 0.024235861
QP-Loss 592000 0.019446455 0.024242088
QP-Loss 593000 0.019433782 0.024248267
QP-Loss 594000 0.019421196 0.0242544
QP-Loss 595000 0.019408708 0.024260484
QP-Loss 596000 0.019396303 0.024266526
QP-Loss 597000 0.019384008 0.024272522
QP-Loss 598000 0.01937178 0.024278482
QP-Loss 599000 0.019359678 0.024284389
QP-Loss 600000 0.01934765 0.02429025
QP-Loss 601000 0.01933572 0.024296073
QP-Loss 602000 0.01932389 0.024301851
QP-Loss 603000 0.01931216 0.02430758
QP-Loss 604000 0.01930049 0.024313271
QP-Loss 605000 0.019288925 0.024318917
QP-Loss 606000 0.01927749 0.024324507
QP-Loss 607000 0.019266196 0.024330035
QP-Loss 608000 0.019255036 0.024335502
QP-Loss 609000 0.019243954 0.024340926
QP-Loss 610000 0.019232996 0.024346303
QP-Loss 611000 0.019222153 0.02435163
QP-Loss 612000 0.019211411 0.024356907
QP-Loss 613000 0.019200819 0.02436212
QP-Loss 614000 0.01919032 0.024367282
QP-Loss 615000 0.019179886 0.024372408
QP-Loss 616000 0.019169545 0.02437749
QP-Loss 617000 0.019159285 0.02438253
QP-Loss 618000 0.019149087 0.024387533
QP-Loss 619000 0.019138994 0.024392493
QP-Loss 620000 0.019128935 0.024397422
QP-Loss 621000 0.019118993 0.024402304
QP-Loss 622000 0.019109173 0.024407124
QP-Loss 623000 0.019099439 0.024411902
QP-Loss 624000 0.019089833 0.024416624
QP-Loss 625000 0.019080302 0.024421297
QP-Loss 626000 0.019070867 0.024425933
QP-Loss 627000 0.01906151 0.024430528
QP-Loss 628000 0.019052435 0.02443506
QP-Loss 629000 0.019043492 0.02443954
QP-Loss 630000 0.019034673 0.024443965
QP-Loss 631000 0.019025937 0.024448343
QP-Loss 632000 0.019017307 0.024452675
QP-Loss 633000 0.019008728 0.02445698
QP-Loss 634000 0.019000215 0.02446124
QP-Loss 635000 0.018991815 0.024465455
QP-Loss 636000 0.018983446 0.024469636
QP-Loss 637000 0.01897519 0.024473773
QP-Loss 638000 0.018966965 0.02447788
QP-Loss 639000 0.018958831 0.02448195
QP-Loss 640000 0.018950757 0.024485977
QP-Loss 641000 0.01894278 0.024489967
QP-Loss 642000 0.018934859 0.024493918
QP-Loss 643000 0.018927095 0.024497803
QP-Loss 644000 0.018919367 0.024501657
QP-Loss 645000 0.01891171 0.024505483
QP-Loss 646000 0.018904118 0.024509273
QP-Loss 647000 0.018896565 0.02451304
QP-Loss 648000 0.0188891 0.024516763
QP-Loss 649000 0.018881747 0.02452043
QP-Loss 650000 0.018874435 0.024524072
QP-Loss 651000 0.018867202 0.024527684
QP-Loss 652000 0.018859992 0.02453127
QP-Loss 653000 0.01885286 0.024534825
QP-Loss 654000 0.018845776 0.02453835
QP-Loss 655000 0.018838732 0.024541847
QP-Loss 656000 0.018831773 0.024545306
QP-Loss 657000 0.018824881 0.02454873
QP-Loss 658000 0.018818017 0.024552133
QP-Loss 659000 0.018811202 0.024555514
QP-Loss 660000 0.018804435 0.024558868
QP-Loss 661000 0.018797725 0.024562199
QP-Loss 662000 0.018791063 0.024565507
QP-Loss 663000 0.018784406 0.0245688
QP-Loss 664000 0.018777829 0.024572061
QP-Loss 665000 0.018771296 0.0245753
QP-Loss 666000 0.018764798 0.024578525
QP-Loss 667000 0.018758344 0.02458173
QP-Loss 668000 0.01875194 0.024584912
QP-Loss 669000 0.018745555 0.024588073
QP-Loss 670000 0.018739248 0.024591202
QP-Loss 671000 0.018732993 0.024594301
QP-Loss 672000 0.018726794 0.024597373
QP-Loss 673000 0.018720642 0.02460042
QP-Loss 674000 0.018714515 0.024603447
QP-Loss 675000 0.018708443 0.02460645
QP-Loss 676000 0.018702427 0.024609432
QP-Loss 677000 0.018696433 0.024612397
QP-Loss 678000 0.018690487 0.024615347
QP-Loss 679000 0.018684594 0.024618275
QP-Loss 680000 0.018678738 0.024621183
QP-Loss 681000 0.018672919 0.024624076
QP-Loss 682000 0.018667124 0.02462695
QP-Loss 683000 0.018661365 0.024629809
QP-Loss 684000 0.018655628 0.024632657
QP-Loss 685000 0.018649941 0.024635483
QP-Loss 686000 0.018644301 0.02463829
QP-Loss 687000 0.018638683 0.024641078
QP-Loss 688000 0.018633083 0.024643855
QP-Loss 689000 0.018627517 0.024646614
QP-Loss 690000 0.018621998 0.024649354
QP-Loss 691000 0.018616501 0.024652073
QP-Loss 692000 0.01861106 0.024654774
QP-Loss 693000 0.018605629 0.02465746
QP-Loss 694000 0.018600248 0.024660127
QP-Loss 695000 0.0185949 0.02466278
QP-Loss 696000 0.01858955 0.024665425
QP-Loss 697000 0.018584264 0.024668045
QP-Loss 698000 0.018578997 0.024670644
QP-Loss 699000 0.018573789 0.024673222
QP-Loss 700000 0.018568622 0.024675783
QP-Loss 701000 0.018563515 0.024678322
Step 701731: freezing conditions [10] (losses [0.014241790398955345])
QP-Loss 702000 0.0185588 0.024680775
QP-Loss 703000 0.018554995 0.024683062
QP-Loss 704000 0.018551221 0.024685325
QP-Loss 705000 0.018547468 0.024687577
QP-Loss 706000 0.018543748 0.02468981
QP-Loss 707000 0.018540056 0.024692023
QP-Loss 708000 0.018536396 0.02469422
QP-Loss 709000 0.01853277 0.024696397
QP-Loss 710000 0.018529162 0.02469856
QP-Loss 711000 0.018525586 0.024700701
QP-Loss 712000 0.01852204 0.024702827
QP-Loss 713000 0.018518513 0.024704942
QP-Loss 714000 0.018515019 0.024707038
QP-Loss 715000 0.018511536 0.024709128
QP-Loss 716000 0.018508082 0.024711201
QP-Loss 717000 0.018504651 0.024713257
QP-Loss 718000 0.01850129 0.024715278
QP-Loss 719000 0.018497972 0.024717273
QP-Loss 720000 0.01849468 0.024719251
QP-Loss 721000 0.01849143 0.024721205
QP-Loss 722000 0.018488206 0.024723144
QP-Loss 723000 0.018485008 0.024725066
QP-Loss 724000 0.01848183 0.024726976
QP-Loss 725000 0.018478679 0.024728872
QP-Loss 726000 0.01847555 0.02473075
QP-Loss 727000 0.018472463 0.024732606
QP-Loss 728000 0.018469406 0.024734445
QP-Loss 729000 0.018466376 0.02473627
QP-Loss 730000 0.018463379 0.024738075
QP-Loss 731000 0.018460412 0.02473986
QP-Loss 732000 0.018457469 0.02474163
QP-Loss 733000 0.01845455 0.024743386
QP-Loss 734000 0.018451653 0.024745129
QP-Loss 735000 0.018448832 0.024746828
QP-Loss 736000 0.018446041 0.024748508
QP-Loss 737000 0.018443277 0.024750173
QP-Loss 738000 0.018440535 0.024751825
QP-Loss 739000 0.01843781 0.024753463
QP-Loss 740000 0.018435115 0.024755085
QP-Loss 741000 0.018432442 0.024756692
QP-Loss 742000 0.018429779 0.024758292
QP-Loss 743000 0.01842715 0.024759874
QP-Loss 744000 0.01842454 0.02476144
QP-Loss 745000 0.018421954 0.024762994
QP-Loss 746000 0.018419398 0.024764527
QP-Loss 747000 0.018416869 0.024766047
QP-Loss 748000 0.018414363 0.02476755
QP-Loss 749000 0.018411873 0.024769044
QP-Loss 750000 0.0184094 0.024770526
QP-Loss 751000 0.018406963 0.024771987
QP-Loss 752000 0.018404543 0.024773438
QP-Loss 753000 0.018402142 0.024774875
QP-Loss 754000 0.018399762 0.024776302
QP-Loss 755000 0.018397393 0.02477772
QP-Loss 756000 0.018395053 0.02477912
QP-Loss 757000 0.018392729 0.02478051
QP-Loss 758000 0.01839042 0.024781888
QP-Loss 759000 0.018388132 0.024783256
QP-Loss 760000 0.018385865 0.02478461
QP-Loss 761000 0.018383617 0.024785953
QP-Loss 762000 0.018381385 0.024787283
QP-Loss 763000 0.018379174 0.024788603
QP-Loss 764000 0.018376976 0.02478991
QP-Loss 765000 0.0183748 0.024791209
QP-Loss 766000 0.018372634 0.0247925
QP-Loss 767000 0.01837049 0.024793776
QP-Loss 768000 0.018368362 0.024795042
QP-Loss 769000 0.018366253 0.024796298
QP-Loss 770000 0.018364165 0.02479754
QP-Loss 771000 0.01836209 0.024798771
QP-Loss 772000 0.018360034 0.024799993
QP-Loss 773000 0.018357994 0.024801204
QP-Loss 774000 0.018355971 0.024802405
QP-Loss 775000 0.018353978 0.024803588
QP-Loss 776000 0.018352 0.024804762
QP-Loss 777000 0.018350054 0.024805916
QP-Loss 778000 0.018348116 0.024807064
QP-Loss 779000 0.0183462 0.0248082
QP-Loss 780000 0.018344304 0.024809323
QP-Loss 781000 0.018342422 0.024810437
QP-Loss 782000 0.018340562 0.02481154
QP-Loss 783000 0.018338712 0.024812635
QP-Loss 784000 0.018336883 0.024813715
QP-Loss 785000 0.018335065 0.02481479
QP-Loss 786000 0.018333262 0.024815854
QP-Loss 787000 0.018331474 0.024816912
QP-Loss 788000 0.0183297 0.024817957
QP-Loss 789000 0.018327946 0.024818992
QP-Loss 790000 0.018326215 0.024820013
QP-Loss 791000 0.018324496 0.024821026
QP-Loss 792000 0.018322794 0.024822026
QP-Loss 793000 0.018321104 0.024823023
QP-Loss 794000 0.018319428 0.02482401
QP-Loss 795000 0.01831777 0.024824984
QP-Loss 796000 0.018316127 0.024825947
QP-Loss 797000 0.018314509 0.0248269
QP-Loss 798000 0.018312898 0.024827845
QP-Loss 799000 0.018311305 0.02482878
QP-Loss 800000 0.018309725 0.024829706
QP-Loss 801000 0.018308153 0.024830626
QP-Loss 802000 0.018306596 0.024831537
QP-Loss 803000 0.01830505 0.024832444
QP-Loss 804000 0.01830352 0.024833336
QP-Loss 805000 0.018302009 0.024834221
QP-Loss 806000 0.018300518 0.024835091
QP-Loss 807000 0.018299036 0.024835955
QP-Loss 808000 0.018297581 0.024836805
QP-Loss 809000 0.01829614 0.024837647
QP-Loss 810000 0.018294705 0.024838481
QP-Loss 811000 0.018293286 0.024839308
QP-Loss 812000 0.018291876 0.02484013
QP-Loss 813000 0.018290482 0.02484094
QP-Loss 814000 0.018289102 0.024841743
QP-Loss 815000 0.01828773 0.02484254
QP-Loss 816000 0.018286366 0.024843331
QP-Loss 817000 0.018285016 0.024844114
Step 817981: freezing conditions [16] (losses [4.372784303541266e-07])
QP-Loss 818000 0.018283678 0.02484489
QP-Loss 819000 0.018282352 0.024845658
QP-Loss 820000 0.018281033 0.024846422
QP-Loss 821000 0.018279731 0.024847174
QP-Loss 822000 0.018278437 0.024847923
QP-Loss 823000 0.018277148 0.024848668
QP-Loss 824000 0.018275881 0.0248494
QP-Loss 825000 0.01827462 0.024850128
QP-Loss 826000 0.018273367 0.024850853
QP-Loss 827000 0.018272122 0.02485157
QP-Loss 828000 0.01827089 0.024852283
Step 828805: freezing conditions [18] (losses [5.030416900808632e-07])
QP-Loss 829000 0.018269667 0.024852987
QP-Loss 830000 0.018268453 0.024853686
QP-Loss 831000 0.018267252 0.024854379
QP-Loss 832000 0.018266061 0.024855064
Step 832056: freezing conditions [21] (losses [9.659838724473957e-07])
QP-Loss 833000 0.018264873 0.02485575
QP-Loss 834000 0.018263692 0.024856428
QP-Loss 835000 0.018262526 0.0248571
QP-Loss 836000 0.01826136 0.02485777
QP-Loss 837000 0.018260205 0.024858436
Step 837806: freezing conditions [20] (losses [5.621728291771433e-07])
QP-Loss 838000 0.018259056 0.024859097
QP-Loss 839000 0.018257914 0.024859756
QP-Loss 840000 0.018256791 0.024860403
QP-Loss 841000 0.018255673 0.024861045
QP-Loss 842000 0.018254565 0.024861684
Step 842939: freezing conditions [17] (losses [4.691440267379221e-07])
QP-Loss 843000 0.018253462 0.02486232
QP-Loss 844000 0.018252365 0.02486295
QP-Loss 845000 0.018251276 0.024863578
QP-Loss 846000 0.018250192 0.024864202
QP-Loss 847000 0.018249126 0.024864819
Step 847117: freezing conditions [14] (losses [4.489162392928847e-07])
QP-Loss 848000 0.01824806 0.024865434
QP-Loss 849000 0.018247006 0.02486604
Step 849562: freezing conditions [13] (losses [5.104369620312355e-07])
QP-Loss 850000 0.018245956 0.024866648
QP-Loss 851000 0.018244905 0.024867253
QP-Loss 852000 0.018243862 0.024867855
QP-Loss 853000 0.018242825 0.024868457
QP-Loss 854000 0.018241799 0.02486905
QP-Loss 855000 0.01824077 0.024869647
QP-Loss 856000 0.018239751 0.024870235
QP-Loss 857000 0.01823873 0.024870828
QP-Loss 858000 0.018237716 0.024871416
QP-Loss 859000 0.018236708 0.024872003
QP-Loss 860000 0.018235698 0.024872588
QP-Loss 861000 0.018234702 0.02487317
QP-Loss 862000 0.018233703 0.024873747
QP-Loss 863000 0.018232707 0.024874326
QP-Loss 864000 0.018231712 0.024874905
QP-Loss 865000 0.01823073 0.024875475
Step 865658: freezing conditions [11] (losses [5.309843231771083e-07])
QP-Loss 866000 0.01822976 0.024876043
QP-Loss 867000 0.018228797 0.024876604
QP-Loss 868000 0.018227832 0.024877168
QP-Loss 869000 0.018226875 0.024877723
QP-Loss 870000 0.018225916 0.024878286
QP-Loss 871000 0.018224964 0.024878843
QP-Loss 872000 0.018224018 0.024879398
QP-Loss 873000 0.018223079 0.024879945
QP-Loss 874000 0.018222144 0.024880495
QP-Loss 875000 0.018221216 0.024881037
QP-Loss 876000 0.018220311 0.02488157
QP-Loss 877000 0.018219411 0.024882095
QP-Loss 878000 0.018218515 0.024882624
QP-Loss 879000 0.018217625 0.024883145
QP-Loss 880000 0.018216737 0.024883667
QP-Loss 881000 0.018215856 0.024884189
QP-Loss 882000 0.018214976 0.024884705
QP-Loss 883000 0.018214097 0.024885222
QP-Loss 884000 0.018213216 0.024885744
QP-Loss 885000 0.018212344 0.024886258
QP-Loss 886000 0.018211475 0.02488677
QP-Loss 887000 0.018210607 0.024887284
QP-Loss 888000 0.018209748 0.024887793
QP-Loss 889000 0.018208897 0.024888296
QP-Loss 890000 0.018208046 0.024888799
QP-Loss 891000 0.018207198 0.024889302
QP-Loss 892000 0.018206352 0.024889803
QP-Loss 893000 0.018205522 0.024890296
QP-Loss 894000 0.018204689 0.02489079
QP-Loss 895000 0.018203853 0.024891285
QP-Loss 896000 0.018203022 0.02489178
QP-Loss 897000 0.018202202 0.024892267
QP-Loss 898000 0.01820138 0.024892757
QP-Loss 899000 0.01820056 0.024893247
QP-Loss 900000 0.018199736 0.024893736
QP-Loss 901000 0.018198919 0.024894223
QP-Loss 902000 0.018198103 0.024894707
QP-Loss 903000 0.018197287 0.024895197
QP-Loss 904000 0.018196477 0.02489568
QP-Loss 905000 0.018195665 0.024896163
QP-Loss 906000 0.018194856 0.024896648
QP-Loss 907000 0.018194048 0.02489713
QP-Loss 908000 0.018193245 0.02489761
QP-Loss 909000 0.018192451 0.024898086
QP-Loss 910000 0.018191664 0.024898559
QP-Loss 911000 0.018190878 0.024899028
QP-Loss 912000 0.01819009 0.024899503
QP-Loss 913000 0.01818931 0.02489997
QP-Loss 914000 0.018188525 0.02490044
QP-Loss 915000 0.018187752 0.024900906
QP-Loss 916000 0.018186973 0.024901373
QP-Loss 917000 0.018186197 0.02490184
QP-Loss 918000 0.018185427 0.024902303
QP-Loss 919000 0.018184653 0.024902768
QP-Loss 920000 0.018183881 0.024903232
QP-Loss 921000 0.018183114 0.024903696
QP-Loss 922000 0.01818235 0.024904156
QP-Loss 923000 0.018181587 0.024904616
QP-Loss 924000 0.01818083 0.024905074
QP-Loss 925000 0.018180074 0.02490553
QP-Loss 926000 0.018179316 0.024905989
QP-Loss 927000 0.018178564 0.024906443
QP-Loss 928000 0.01817782 0.024906892
QP-Loss 929000 0.018177085 0.024907338
QP-Loss 930000 0.018176349 0.02490778
QP-Loss 931000 0.018175619 0.024908226
QP-Loss 932000 0.018174887 0.024908667
QP-Loss 933000 0.018174157 0.02490911
QP-Loss 934000 0.018173426 0.024909554
QP-Loss 935000 0.018172698 0.024909995
QP-Loss 936000 0.018171975 0.024910435
QP-Loss 937000 0.018171258 0.024910871
QP-Loss 938000 0.018170534 0.02491131
QP-Loss 939000 0.018169817 0.024911748
QP-Loss 940000 0.018169101 0.024912182
QP-Loss 941000 0.018168384 0.024912618
QP-Loss 942000 0.018167673 0.024913052
QP-Loss 943000 0.018166965 0.024913484
QP-Loss 944000 0.018166251 0.02491392
QP-Loss 945000 0.018165542 0.024914352
QP-Loss 946000 0.018164838 0.024914782
QP-Loss 947000 0.018164141 0.024915207
QP-Loss 948000 0.018163443 0.024915634
QP-Loss 949000 0.018162748 0.024916057
QP-Loss 950000 0.018162059 0.02491648
QP-Loss 951000 0.018161371 0.024916898
QP-Loss 952000 0.018160686 0.02491732
QP-Loss 953000 0.018160002 0.024917737
QP-Loss 954000 0.018159322 0.024918156
QP-Loss 955000 0.018158644 0.02491857
QP-Loss 956000 0.01815797 0.024918983
QP-Loss 957000 0.018157296 0.024919396
QP-Loss 958000 0.018156625 0.024919808
QP-Loss 959000 0.018155957 0.02492022
QP-Loss 960000 0.018155286 0.024920631
QP-Loss 961000 0.01815462 0.02492104
QP-Loss 962000 0.018153958 0.024921447
QP-Loss 963000 0.018153297 0.024921853
QP-Loss 964000 0.018152637 0.024922261
QP-Loss 965000 0.018151982 0.024922663
QP-Loss 966000 0.018151332 0.024923064
QP-Loss 967000 0.018150682 0.024923466
QP-Loss 968000 0.018150035 0.024923863
QP-Loss 969000 0.018149389 0.02492426
QP-Loss 970000 0.018148744 0.024924658
QP-Loss 971000 0.018148104 0.024925055
QP-Loss 972000 0.018147465 0.02492545
QP-Loss 973000 0.018146826 0.024925843
QP-Loss 974000 0.018146187 0.024926238
QP-Loss 975000 0.01814555 0.024926633
QP-Loss 976000 0.01814492 0.024927024
QP-Loss 977000 0.018144287 0.024927415
QP-Loss 978000 0.018143656 0.024927806
QP-Loss 979000 0.018143028 0.024928195
QP-Loss 980000 0.018142404 0.024928581
QP-Loss 981000 0.018141782 0.024928968
QP-Loss 982000 0.018141156 0.024929354
QP-Loss 983000 0.018140532 0.024929741
QP-Loss 984000 0.018139916 0.024930125
QP-Loss 985000 0.018139297 0.02493051
QP-Loss 986000 0.018138679 0.024930893
QP-Loss 987000 0.018138066 0.024931274
QP-Loss 988000 0.018137457 0.024931652
QP-Loss 989000 0.018136851 0.02493203
QP-Loss 990000 0.01813625 0.024932405
QP-Loss 991000 0.018135646 0.024932781
QP-Loss 992000 0.01813505 0.02493315
QP-Loss 993000 0.018134454 0.024933524
QP-Loss 994000 0.018133858 0.024933897
QP-Loss 995000 0.018133266 0.024934264
QP-Loss 996000 0.01813267 0.024934636
QP-Loss 997000 0.018132081 0.024935003
QP-Loss 998000 0.018131495 0.024935372
QP-Loss 999000 0.018130908 0.024935737
QP-Loss 1000000 0.018130323 0.024936102
QP-Loss 1001000 0.018129744 0.024936464
QP-Loss 1002000 0.018129174 0.024936821
QP-Loss 1003000 0.018128606 0.024937177
QP-Loss 1004000 0.01812804 0.024937531
QP-Loss 1005000 0.018127471 0.024937887
QP-Loss 1006000 0.01812691 0.024938239
QP-Loss 1007000 0.018126346 0.024938593
QP-Loss 1008000 0.01812579 0.024938943
QP-Loss 1009000 0.01812523 0.024939293
QP-Loss 1010000 0.018124675 0.024939641
QP-Loss 1011000 0.018124117 0.024939992
QP-Loss 1012000 0.018123567 0.024940336
QP-Loss 1013000 0.018123012 0.024940686
QP-Loss 1014000 0.018122455 0.024941036
QP-Loss 1015000 0.01812191 0.024941377
QP-Loss 1016000 0.01812136 0.024941724
QP-Loss 1017000 0.018120812 0.024942067
QP-Loss 1018000 0.018120265 0.024942411
QP-Loss 1019000 0.018119717 0.024942758
QP-Loss 1020000 0.018119173 0.0249431
QP-Loss 1021000 0.018118631 0.024943441
QP-Loss 1022000 0.01811809 0.024943782
QP-Loss 1023000 0.018117554 0.024944121
QP-Loss 1024000 0.018117016 0.02494446
QP-Loss 1025000 0.018116478 0.024944799
QP-Loss 1026000 0.01811594 0.024945138
QP-Loss 1027000 0.018115407 0.024945475
QP-Loss 1028000 0.018114878 0.02494581
QP-Loss 1029000 0.01811435 0.024946142
QP-Loss 1030000 0.018113824 0.024946475
QP-Loss 1031000 0.018113302 0.024946805
QP-Loss 1032000 0.018112784 0.024947133
QP-Loss 1033000 0.018112266 0.02494746
QP-Loss 1034000 0.018111747 0.02494779
QP-Loss 1035000 0.018111227 0.024948118
QP-Loss 1036000 0.018110711 0.024948446
QP-Loss 1037000 0.018110195 0.024948772
QP-Loss 1038000 0.018109687 0.024949096
QP-Loss 1039000 0.018109174 0.02494942
QP-Loss 1040000 0.018108664 0.024949744
QP-Loss 1041000 0.01810816 0.024950065
QP-Loss 1042000 0.01810765 0.024950387
QP-Loss 1043000 0.018107148 0.024950707
QP-Loss 1044000 0.018106643 0.024951028
QP-Loss 1045000 0.018106138 0.024951348
QP-Loss 1046000 0.01810564 0.024951667
QP-Loss 1047000 0.018105136 0.024951985
QP-Loss 1048000 0.018104637 0.024952302
QP-Loss 1049000 0.018104142 0.024952617
QP-Loss 1050000 0.018103652 0.02495293
QP-Loss 1051000 0.018103164 0.02495324
QP-Loss 1052000 0.01810267 0.024953555
QP-Loss 1053000 0.018102182 0.024953865
QP-Loss 1054000 0.018101698 0.024954174
QP-Loss 1055000 0.01810121 0.024954485
QP-Loss 1056000 0.018100727 0.024954794
QP-Loss 1057000 0.018100249 0.0249551
QP-Loss 1058000 0.018099768 0.024955405
QP-Loss 1059000 0.018099293 0.024955707
QP-Loss 1060000 0.018098814 0.024956012
QP-Loss 1061000 0.018098338 0.02495632
QP-Loss 1062000 0.018097864 0.02495662
QP-Loss 1063000 0.018097399 0.024956917
QP-Loss 1064000 0.01809693 0.024957217
QP-Loss 1065000 0.018096458 0.024957519
QP-Loss 1066000 0.01809599 0.024957819
QP-Loss 1067000 0.018095525 0.024958117
QP-Loss 1068000 0.018095063 0.024958411
QP-Loss 1069000 0.018094609 0.024958704
QP-Loss 1070000 0.018094152 0.024958996
QP-Loss 1071000 0.018093698 0.024959287
QP-Loss 1072000 0.018093243 0.024959577
QP-Loss 1073000 0.01809279 0.024959868
QP-Loss 1074000 0.018092336 0.02496016
QP-Loss 1075000 0.018091885 0.024960447
QP-Loss 1076000 0.018091438 0.024960736
QP-Loss 1077000 0.018090993 0.02496102
QP-Loss 1078000 0.018090552 0.024961304
QP-Loss 1079000 0.018090108 0.024961589
QP-Loss 1080000 0.01808967 0.02496187
QP-Loss 1081000 0.01808923 0.024962153
QP-Loss 1082000 0.018088793 0.024962433
QP-Loss 1083000 0.01808836 0.024962714
QP-Loss 1084000 0.018087925 0.024962993
QP-Loss 1085000 0.018087491 0.02496327
QP-Loss 1086000 0.018087061 0.024963548
QP-Loss 1087000 0.018086627 0.024963828
QP-Loss 1088000 0.018086199 0.024964103
QP-Loss 1089000 0.018085772 0.02496438
QP-Loss 1090000 0.018085344 0.024964653
QP-Loss 1091000 0.018084915 0.024964929
QP-Loss 1092000 0.018084494 0.0249652
QP-Loss 1093000 0.01808407 0.024965474
QP-Loss 1094000 0.018083647 0.024965748
QP-Loss 1095000 0.018083224 0.02496602
QP-Loss 1096000 0.018082801 0.024966294
QP-Loss 1097000 0.018082382 0.024966566
QP-Loss 1098000 0.018081963 0.024966834
QP-Loss 1099000 0.018081548 0.024967104
QP-Loss 1100000 0.018081134 0.024967372
QP-Loss 1101000 0.018080719 0.02496764
QP-Loss 1102000 0.018080307 0.024967905
QP-Loss 1103000 0.018079894 0.024968171
QP-Loss 1104000 0.018079486 0.024968438
QP-Loss 1105000 0.018079078 0.024968699
QP-Loss 1106000 0.018078666 0.024968967
QP-Loss 1107000 0.018078262 0.024969228
QP-Loss 1108000 0.018077858 0.02496949
QP-Loss 1109000 0.018077452 0.024969751
QP-Loss 1110000 0.018077046 0.024970016
QP-Loss 1111000 0.018076645 0.024970274
QP-Loss 1112000 0.018076247 0.024970533
QP-Loss 1113000 0.018075846 0.024970792
QP-Loss 1114000 0.01807545 0.024971051
QP-Loss 1115000 0.01807505 0.024971308
QP-Loss 1116000 0.018074656 0.024971565
QP-Loss 1117000 0.018074265 0.024971819
QP-Loss 1118000 0.01807387 0.024972076
QP-Loss 1119000 0.01807348 0.024972327
QP-Loss 1120000 0.018073099 0.024972575
QP-Loss 1121000 0.018072722 0.02497282
QP-Loss 1122000 0.018072344 0.024973065
QP-Loss 1123000 0.018071966 0.02497331
QP-Loss 1124000 0.018071596 0.024973553
QP-Loss 1125000 0.018071221 0.024973797
QP-Loss 1126000 0.018070852 0.024974037
QP-Loss 1127000 0.01807048 0.024974277
QP-Loss 1128000 0.01807011 0.02497452
QP-Loss 1129000 0.018069739 0.024974762
QP-Loss 1130000 0.018069373 0.024974998
QP-Loss 1131000 0.01806901 0.024975235
QP-Loss 1132000 0.018068647 0.024975471
QP-Loss 1133000 0.018068282 0.02497571
QP-Loss 1134000 0.018067919 0.024975948
QP-Loss 1135000 0.01806756 0.02497618
QP-Loss 1136000 0.018067198 0.024976416
QP-Loss 1137000 0.018066838 0.024976648
QP-Loss 1138000 0.018066483 0.024976881
QP-Loss 1139000 0.018066125 0.024977114
QP-Loss 1140000 0.01806577 0.024977349
QP-Loss 1141000 0.018065415 0.024977578
QP-Loss 1142000 0.018065063 0.024977809
QP-Loss 1143000 0.01806471 0.024978042
QP-Loss 1144000 0.01806436 0.024978269
QP-Loss 1145000 0.018064013 0.024978494
QP-Loss 1146000 0.018063666 0.02497872
QP-Loss 1147000 0.01806332 0.024978947
QP-Loss 1148000 0.018062973 0.024979174
QP-Loss 1149000 0.018062633 0.024979398
QP-Loss 1150000 0.018062288 0.024979623
QP-Loss 1151000 0.018061945 0.024979847
QP-Loss 1152000 0.018061602 0.024980072
QP-Loss 1153000 0.018061262 0.024980294
QP-Loss 1154000 0.018060923 0.024980517
QP-Loss 1155000 0.018060585 0.024980737
QP-Loss 1156000 0.018060252 0.024980955
QP-Loss 1157000 0.018059917 0.024981175
QP-Loss 1158000 0.018059583 0.024981393
QP-Loss 1159000 0.018059252 0.02498161
QP-Loss 1160000 0.018058922 0.024981827
QP-Loss 1161000 0.018058592 0.024982043
QP-Loss 1162000 0.018058265 0.024982257
QP-Loss 1163000 0.018057939 0.024982471
QP-Loss 1164000 0.018057605 0.024982689
QP-Loss 1165000 0.018057277 0.024982905
QP-Loss 1166000 0.018056953 0.02498312
QP-Loss 1167000 0.01805663 0.024983332
QP-Loss 1168000 0.018056303 0.024983544
QP-Loss 1169000 0.018055983 0.024983754
QP-Loss 1170000 0.018055663 0.024983965
QP-Loss 1171000 0.018055344 0.024984175
QP-Loss 1172000 0.01805502 0.024984388
QP-Loss 1173000 0.018054701 0.024984596
QP-Loss 1174000 0.018054387 0.024984805
QP-Loss 1175000 0.01805407 0.024985014
QP-Loss 1176000 0.018053755 0.02498522
QP-Loss 1177000 0.01805344 0.024985427
QP-Loss 1178000 0.01805312 0.024985638
QP-Loss 1179000 0.01805281 0.02498584
QP-Loss 1180000 0.018052498 0.024986047
QP-Loss 1181000 0.018052189 0.02498625
QP-Loss 1182000 0.018051876 0.024986455
QP-Loss 1183000 0.01805157 0.024986656
QP-Loss 1184000 0.018051269 0.024986858
QP-Loss 1185000 0.01805096 0.024987059
QP-Loss 1186000 0.018050658 0.02498726
QP-Loss 1187000 0.018050354 0.02498746
QP-Loss 1188000 0.01805005 0.024987658
QP-Loss 1189000 0.018049749 0.024987858
QP-Loss 1190000 0.018049445 0.024988059
QP-Loss 1191000 0.018049149 0.024988255
QP-Loss 1192000 0.018048847 0.024988452
QP-Loss 1193000 0.018048553 0.024988648
QP-Loss 1194000 0.018048258 0.024988843
QP-Loss 1195000 0.018047962 0.024989037
QP-Loss 1196000 0.01804767 0.02498923
QP-Loss 1197000 0.018047377 0.024989424
QP-Loss 1198000 0.018047087 0.024989616
QP-Loss 1199000 0.018046796 0.024989806
QP-Loss 1200000 0.018046508 0.024989998
QP-Loss 1201000 0.01804622 0.024990188
QP-Loss 1202000 0.018045934 0.024990376
QP-Loss 1203000 0.018045653 0.024990562
QP-Loss 1204000 0.018045368 0.02499075
QP-Loss 1205000 0.018045085 0.024990939
QP-Loss 1206000 0.018044809 0.024991121
QP-Loss 1207000 0.018044528 0.024991307
QP-Loss 1208000 0.018044248 0.024991492
QP-Loss 1209000 0.018043973 0.024991676
QP-Loss 1210000 0.018043691 0.02499186
QP-Loss 1211000 0.018043417 0.024992041
QP-Loss 1212000 0.018043144 0.024992224
QP-Loss 1213000 0.018042868 0.024992406
QP-Loss 1214000 0.018042592 0.024992587
QP-Loss 1215000 0.01804232 0.02499277
QP-Loss 1216000 0.018042047 0.02499295
QP-Loss 1217000 0.018041775 0.024993131
QP-Loss 1218000 0.0180415 0.024993312
QP-Loss 1219000 0.018041233 0.024993489
QP-Loss 1220000 0.018040964 0.024993667
QP-Loss 1221000 0.018040694 0.024993846
QP-Loss 1222000 0.01804043 0.024994023
QP-Loss 1223000 0.018040167 0.024994196
QP-Loss 1224000 0.018039903 0.024994371
QP-Loss 1225000 0.018039642 0.024994545
QP-Loss 1226000 0.01803938 0.02499472
QP-Loss 1227000 0.01803912 0.024994891
QP-Loss 1228000 0.018038861 0.024995063
QP-Loss 1229000 0.018038603 0.024995234
QP-Loss 1230000 0.018038342 0.024995409
QP-Loss 1231000 0.018038083 0.02499558
QP-Loss 1232000 0.018037828 0.02499575
QP-Loss 1233000 0.018037573 0.02499592
QP-Loss 1234000 0.018037317 0.024996087
QP-Loss 1235000 0.018037064 0.024996256
Step 1235495: freezing conditions [7] (losses [0.0013538317289203405])
QP-Loss 1236000 0.018036872 0.024996385
QP-Loss 1237000 0.018036736 0.024996473
QP-Loss 1238000 0.0180366 0.024996566
QP-Loss 1239000 0.018036468 0.024996653
QP-Loss 1240000 0.018036334 0.02499674
QP-Loss 1241000 0.0180362 0.02499683
QP-Loss 1242000 0.018036067 0.024996918
QP-Loss 1243000 0.018035935 0.024997005
QP-Loss 1244000 0.018035803 0.024997095
QP-Loss 1245000 0.01803567 0.02499718
QP-Loss 1246000 0.018035538 0.02499727
QP-Loss 1247000 0.018035406 0.024997357
QP-Loss 1248000 0.018035272 0.024997445
QP-Loss 1249000 0.018035142 0.024997532
QP-Loss 1250000 0.018035011 0.024997618
QP-Loss 1251000 0.018034881 0.024997706
QP-Loss 1252000 0.01803475 0.024997791
QP-Loss 1253000 0.018034622 0.024997877
QP-Loss 1254000 0.018034492 0.024997963
QP-Loss 1255000 0.018034363 0.02499805
QP-Loss 1256000 0.018034237 0.024998134
QP-Loss 1257000 0.018034108 0.02499822
QP-Loss 1258000 0.018033981 0.024998305
QP-Loss 1259000 0.018033857 0.024998387
QP-Loss 1260000 0.01803373 0.024998473
QP-Loss 1261000 0.018033603 0.024998555
QP-Loss 1262000 0.018033477 0.02499864
QP-Loss 1263000 0.01803335 0.024998724
QP-Loss 1264000 0.018033227 0.024998805
QP-Loss 1265000 0.018033104 0.024998888
QP-Loss 1266000 0.018032977 0.024998972
QP-Loss 1267000 0.018032856 0.024999052
QP-Loss 1268000 0.018032733 0.024999134
QP-Loss 1269000 0.01803261 0.024999216
QP-Loss 1270000 0.01803249 0.024999298
QP-Loss 1271000 0.018032366 0.024999378
QP-Loss 1272000 0.018032249 0.024999456
QP-Loss 1273000 0.01803213 0.024999538
QP-Loss 1274000 0.01803201 0.024999617
QP-Loss 1275000 0.018031897 0.024999693
Step 1275328: freezing conditions [6] (losses [0.0013522373046725988])
QP-Loss 1276000 0.01803186 0.024999717
QP-Loss 1277000 0.01803186 0.024999717
QP-Loss 1278000 0.01803186 0.024999717
QP-Loss 1279000 0.01803186 0.024999717
QP-Loss 1280000 0.01803186 0.024999717
QP-Loss 1281000 0.01803186 0.024999717
QP-Loss 1282000 0.01803186 0.024999717
QP-Loss 1283000 0.01803186 0.024999717
QP-Loss 1284000 0.01803186 0.024999717
QP-Loss 1285000 0.01803186 0.024999717
QP-Loss 1286000 0.01803186 0.024999717
QP-Loss 1287000 0.01803186 0.024999717
QP-Loss 1288000 0.01803186 0.024999717
QP-Loss 1289000 0.01803186 0.024999717
QP-Loss 1290000 0.01803186 0.024999717
QP-Loss 1291000 0.01803186 0.024999717
QP-Loss 1292000 0.01803186 0.024999717
QP-Loss 1293000 0.01803186 0.024999717
QP-Loss 1294000 0.01803186 0.024999717
QP-Loss 1295000 0.01803186 0.024999717
QP-Loss 1296000 0.01803186 0.024999717
QP-Loss 1297000 0.01803186 0.024999717
QP-Loss 1298000 0.01803186 0.024999717
QP-Loss 1299000 0.01803186 0.024999717
QP-Loss 1300000 0.01803186 0.024999717
QP-Loss 1301000 0.01803186 0.024999717
QP-Loss 1302000 0.01803186 0.024999717
QP-Loss 1303000 0.01803186 0.024999717
QP-Loss 1304000 0.01803186 0.024999717
QP-Loss 1305000 0.01803186 0.024999717
QP-Loss 1306000 0.01803186 0.024999717
QP-Loss 1307000 0.01803186 0.024999717
QP-Loss 1308000 0.01803186 0.024999717
QP-Loss 1309000 0.01803186 0.024999717
QP-Loss 1310000 0.01803186 0.024999717
QP-Loss 1311000 0.01803186 0.024999717
QP-Loss 1312000 0.01803186 0.024999717
QP-Loss 1313000 0.01803186 0.024999717
QP-Loss 1314000 0.01803186 0.024999717
QP-Loss 1315000 0.01803186 0.024999717
QP-Loss 1316000 0.01803186 0.024999717
QP-Loss 1317000 0.01803186 0.024999717
QP-Loss 1318000 0.01803186 0.024999717
QP-Loss 1319000 0.01803186 0.024999717
QP-Loss 1320000 0.01803186 0.024999717
QP-Loss 1321000 0.01803186 0.024999717
QP-Loss 1322000 0.01803186 0.024999717
QP-Loss 1323000 0.01803186 0.024999717
QP-Loss 1324000 0.01803186 0.024999717
QP-Loss 1325000 0.01803186 0.024999717
QP-Loss 1326000 0.01803186 0.024999717
QP-Loss 1327000 0.01803186 0.024999717
QP-Loss 1328000 0.01803186 0.024999717
QP-Loss 1329000 0.01803186 0.024999717
QP-Loss 1330000 0.01803186 0.024999717
QP-Loss 1331000 0.01803186 0.024999717
QP-Loss 1332000 0.01803186 0.024999717
QP-Loss 1333000 0.01803186 0.024999717
QP-Loss 1334000 0.01803186 0.024999717
QP-Loss 1335000 0.01803186 0.024999717
QP-Loss 1336000 0.01803186 0.024999717
QP-Loss 1337000 0.01803186 0.024999717
QP-Loss 1338000 0.01803186 0.024999717
QP-Loss 1339000 0.01803186 0.024999717
QP-Loss 1340000 0.01803186 0.024999717
QP-Loss 1341000 0.01803186 0.024999717
QP-Loss 1342000 0.01803186 0.024999717
QP-Loss 1343000 0.01803186 0.024999717
QP-Loss 1344000 0.01803186 0.024999717
QP-Loss 1345000 0.01803186 0.024999717
QP-Loss 1346000 0.01803186 0.024999717
QP-Loss 1347000 0.01803186 0.024999717
QP-Loss 1348000 0.01803186 0.024999717
QP-Loss 1349000 0.01803186 0.024999717
QP-Loss 1350000 0.01803186 0.024999717
QP-Loss 1351000 0.01803186 0.024999717
QP-Loss 1352000 0.01803186 0.024999717
QP-Loss 1353000 0.01803186 0.024999717
QP-Loss 1354000 0.01803186 0.024999717
QP-Loss 1355000 0.01803186 0.024999717
QP-Loss 1356000 0.01803186 0.024999717
QP-Loss 1357000 0.01803186 0.024999717
QP-Loss 1358000 0.01803186 0.024999717
QP-Loss 1359000 0.01803186 0.024999717
QP-Loss 1360000 0.01803186 0.024999717
QP-Loss 1361000 0.01803186 0.024999717
QP-Loss 1362000 0.01803186 0.024999717
QP-Loss 1363000 0.01803186 0.024999717
QP-Loss 1364000 0.01803186 0.024999717
QP-Loss 1365000 0.01803186 0.024999717
QP-Loss 1366000 0.01803186 0.024999717
QP-Loss 1367000 0.01803186 0.024999717
QP-Loss 1368000 0.01803186 0.024999717
QP-Loss 1369000 0.01803186 0.024999717
QP-Loss 1370000 0.01803186 0.024999717
QP-Loss 1371000 0.01803186 0.024999717
QP-Loss 1372000 0.01803186 0.024999717
QP-Loss 1373000 0.01803186 0.024999717
QP-Loss 1374000 0.01803186 0.024999717
QP-Loss 1375000 0.01803186 0.024999717
QP-Loss 1376000 0.01803186 0.024999717
QP-Loss 1377000 0.01803186 0.024999717
QP-Loss 1378000 0.01803186 0.024999717
QP-Loss 1379000 0.01803186 0.024999717
QP-Loss 1380000 0.01803186 0.024999717
QP-Loss 1381000 0.01803186 0.024999717
QP-Loss 1382000 0.01803186 0.024999717
QP-Loss 1383000 0.01803186 0.024999717
QP-Loss 1384000 0.01803186 0.024999717
QP-Loss 1385000 0.01803186 0.024999717
QP-Loss 1386000 0.01803186 0.024999717
QP-Loss 1387000 0.01803186 0.024999717
QP-Loss 1388000 0.01803186 0.024999717
QP-Loss 1389000 0.01803186 0.024999717
QP-Loss 1390000 0.01803186 0.024999717
QP-Loss 1391000 0.01803186 0.024999717
QP-Loss 1392000 0.01803186 0.024999717
QP-Loss 1393000 0.01803186 0.024999717
QP-Loss 1394000 0.01803186 0.024999717
QP-Loss 1395000 0.01803186 0.024999717
QP-Loss 1396000 0.01803186 0.024999717
QP-Loss 1397000 0.01803186 0.024999717
QP-Loss 1398000 0.01803186 0.024999717
QP-Loss 1399000 0.01803186 0.024999717
QP-Loss 1400000 0.01803186 0.024999717
QP-Loss 1401000 0.01803186 0.024999717
QP-Loss 1402000 0.01803186 0.024999717
QP-Loss 1403000 0.01803186 0.024999717
QP-Loss 1404000 0.01803186 0.024999717
QP-Loss 1405000 0.01803186 0.024999717
QP-Loss 1406000 0.01803186 0.024999717
QP-Loss 1407000 0.01803186 0.024999717
QP-Loss 1408000 0.01803186 0.024999717
QP-Loss 1409000 0.01803186 0.024999717
QP-Loss 1410000 0.01803186 0.024999717
QP-Loss 1411000 0.01803186 0.024999717
QP-Loss 1412000 0.01803186 0.024999717
QP-Loss 1413000 0.01803186 0.024999717
QP-Loss 1414000 0.01803186 0.024999717
QP-Loss 1415000 0.01803186 0.024999717
QP-Loss 1416000 0.01803186 0.024999717
QP-Loss 1417000 0.01803186 0.024999717
QP-Loss 1418000 0.01803186 0.024999717
QP-Loss 1419000 0.01803186 0.024999717
QP-Loss 1420000 0.01803186 0.024999717
QP-Loss 1421000 0.01803186 0.024999717
QP-Loss 1422000 0.01803186 0.024999717
QP-Loss 1423000 0.01803186 0.024999717
QP-Loss 1424000 0.01803186 0.024999717
QP-Loss 1425000 0.01803186 0.024999717
QP-Loss 1426000 0.01803186 0.024999717
QP-Loss 1427000 0.01803186 0.024999717
QP-Loss 1428000 0.01803186 0.024999717
QP-Loss 1429000 0.01803186 0.024999717
QP-Loss 1430000 0.01803186 0.024999717
QP-Loss 1431000 0.01803186 0.024999717
QP-Loss 1432000 0.01803186 0.024999717
QP-Loss 1433000 0.01803186 0.024999717
QP-Loss 1434000 0.01803186 0.024999717
QP-Loss 1435000 0.01803186 0.024999717
QP-Loss 1436000 0.01803186 0.024999717
QP-Loss 1437000 0.01803186 0.024999717
QP-Loss 1438000 0.01803186 0.024999717
QP-Loss 1439000 0.01803186 0.024999717
QP-Loss 1440000 0.01803186 0.024999717
QP-Loss 1441000 0.01803186 0.024999717
QP-Loss 1442000 0.01803186 0.024999717
QP-Loss 1443000 0.01803186 0.024999717
QP-Loss 1444000 0.01803186 0.024999717
QP-Loss 1445000 0.01803186 0.024999717
QP-Loss 1446000 0.01803186 0.024999717
QP-Loss 1447000 0.01803186 0.024999717
QP-Loss 1448000 0.01803186 0.024999717
QP-Loss 1449000 0.01803186 0.024999717
QP-Loss 1450000 0.01803186 0.024999717
QP-Loss 1451000 0.01803186 0.024999717
QP-Loss 1452000 0.01803186 0.024999717
QP-Loss 1453000 0.01803186 0.024999717
QP-Loss 1454000 0.01803186 0.024999717
QP-Loss 1455000 0.01803186 0.024999717
QP-Loss 1456000 0.01803186 0.024999717
QP-Loss 1457000 0.01803186 0.024999717
QP-Loss 1458000 0.01803186 0.024999717
QP-Loss 1459000 0.01803186 0.024999717
QP-Loss 1460000 0.01803186 0.024999717
QP-Loss 1461000 0.01803186 0.024999717
QP-Loss 1462000 0.01803186 0.024999717
QP-Loss 1463000 0.01803186 0.024999717
QP-Loss 1464000 0.01803186 0.024999717
QP-Loss 1465000 0.01803186 0.024999717
QP-Loss 1466000 0.01803186 0.024999717
QP-Loss 1467000 0.01803186 0.024999717
QP-Loss 1468000 0.01803186 0.024999717
QP-Loss 1469000 0.01803186 0.024999717
QP-Loss 1470000 0.01803186 0.024999717
QP-Loss 1471000 0.01803186 0.024999717
QP-Loss 1472000 0.01803186 0.024999717
QP-Loss 1473000 0.01803186 0.024999717
QP-Loss 1474000 0.01803186 0.024999717
QP-Loss 1475000 0.01803186 0.024999717
QP-Loss 1476000 0.01803186 0.024999717
QP-Loss 1477000 0.01803186 0.024999717
QP-Loss 1478000 0.01803186 0.024999717
QP-Loss 1479000 0.01803186 0.024999717
QP-Loss 1480000 0.01803186 0.024999717
QP-Loss 1481000 0.01803186 0.024999717
QP-Loss 1482000 0.01803186 0.024999717
QP-Loss 1483000 0.01803186 0.024999717
QP-Loss 1484000 0.01803186 0.024999717
QP-Loss 1485000 0.01803186 0.024999717
QP-Loss 1486000 0.01803186 0.024999717
QP-Loss 1487000 0.01803186 0.024999717
QP-Loss 1488000 0.01803186 0.024999717
QP-Loss 1489000 0.01803186 0.024999717
QP-Loss 1490000 0.01803186 0.024999717
QP-Loss 1491000 0.01803186 0.024999717
QP-Loss 1492000 0.01803186 0.024999717
QP-Loss 1493000 0.01803186 0.024999717
QP-Loss 1494000 0.01803186 0.024999717
QP-Loss 1495000 0.01803186 0.024999717
QP-Loss 1496000 0.01803186 0.024999717
QP-Loss 1497000 0.01803186 0.024999717
QP-Loss 1498000 0.01803186 0.024999717
QP-Loss 1499000 0.01803186 0.024999717
QP-Loss 1500000 0.01803186 0.024999717
QP-Loss 1501000 0.01803186 0.024999717
QP-Loss 1502000 0.01803186 0.024999717
QP-Loss 1503000 0.01803186 0.024999717
QP-Loss 1504000 0.01803186 0.024999717
QP-Loss 1505000 0.01803186 0.024999717
QP-Loss 1506000 0.01803186 0.024999717
QP-Loss 1507000 0.01803186 0.024999717
QP-Loss 1508000 0.01803186 0.024999717
QP-Loss 1509000 0.01803186 0.024999717
QP-Loss 1510000 0.01803186 0.024999717
QP-Loss 1511000 0.01803186 0.024999717
QP-Loss 1512000 0.01803186 0.024999717
QP-Loss 1513000 0.01803186 0.024999717
QP-Loss 1514000 0.01803186 0.024999717
QP-Loss 1515000 0.01803186 0.024999717
QP-Loss 1516000 0.01803186 0.024999717
QP-Loss 1517000 0.01803186 0.024999717
QP-Loss 1518000 0.01803186 0.024999717
QP-Loss 1519000 0.01803186 0.024999717
QP-Loss 1520000 0.01803186 0.024999717
QP-Loss 1521000 0.01803186 0.024999717
QP-Loss 1522000 0.01803186 0.024999717
QP-Loss 1523000 0.01803186 0.024999717
QP-Loss 1524000 0.01803186 0.024999717
QP-Loss 1525000 0.01803186 0.024999717
QP-Loss 1526000 0.01803186 0.024999717
QP-Loss 1527000 0.01803186 0.024999717
QP-Loss 1528000 0.01803186 0.024999717
QP-Loss 1529000 0.01803186 0.024999717
QP-Loss 1530000 0.01803186 0.024999717
QP-Loss 1531000 0.01803186 0.024999717
QP-Loss 1532000 0.01803186 0.024999717
QP-Loss 1533000 0.01803186 0.024999717
QP-Loss 1534000 0.01803186 0.024999717
QP-Loss 1535000 0.01803186 0.024999717
QP-Loss 1536000 0.01803186 0.024999717
QP-Loss 1537000 0.01803186 0.024999717
QP-Loss 1538000 0.01803186 0.024999717
QP-Loss 1539000 0.01803186 0.024999717
QP-Loss 1540000 0.01803186 0.024999717
QP-Loss 1541000 0.01803186 0.024999717
QP-Loss 1542000 0.01803186 0.024999717
QP-Loss 1543000 0.01803186 0.024999717
QP-Loss 1544000 0.01803186 0.024999717
QP-Loss 1545000 0.01803186 0.024999717
QP-Loss 1546000 0.01803186 0.024999717
QP-Loss 1547000 0.01803186 0.024999717
QP-Loss 1548000 0.01803186 0.024999717
QP-Loss 1549000 0.01803186 0.024999717
QP-Loss 1550000 0.01803186 0.024999717
QP-Loss 1551000 0.01803186 0.024999717
QP-Loss 1552000 0.01803186 0.024999717
QP-Loss 1553000 0.01803186 0.024999717
QP-Loss 1554000 0.01803186 0.024999717
QP-Loss 1555000 0.01803186 0.024999717
QP-Loss 1556000 0.01803186 0.024999717
QP-Loss 1557000 0.01803186 0.024999717
QP-Loss 1558000 0.01803186 0.024999717
QP-Loss 1559000 0.01803186 0.024999717
QP-Loss 1560000 0.01803186 0.024999717
QP-Loss 1561000 0.01803186 0.024999717
QP-Loss 1562000 0.01803186 0.024999717
QP-Loss 1563000 0.01803186 0.024999717
QP-Loss 1564000 0.01803186 0.024999717
QP-Loss 1565000 0.01803186 0.024999717
QP-Loss 1566000 0.01803186 0.024999717
QP-Loss 1567000 0.01803186 0.024999717
QP-Loss 1568000 0.01803186 0.024999717
QP-Loss 1569000 0.01803186 0.024999717
QP-Loss 1570000 0.01803186 0.024999717
QP-Loss 1571000 0.01803186 0.024999717
QP-Loss 1572000 0.01803186 0.024999717
QP-Loss 1573000 0.01803186 0.024999717
QP-Loss 1574000 0.01803186 0.024999717
QP-Loss 1575000 0.01803186 0.024999717
QP-Loss 1576000 0.01803186 0.024999717
QP-Loss 1577000 0.01803186 0.024999717
QP-Loss 1578000 0.01803186 0.024999717
QP-Loss 1579000 0.01803186 0.024999717
QP-Loss 1580000 0.01803186 0.024999717
QP-Loss 1581000 0.01803186 0.024999717
QP-Loss 1582000 0.01803186 0.024999717
QP-Loss 1583000 0.01803186 0.024999717
QP-Loss 1584000 0.01803186 0.024999717
QP-Loss 1585000 0.01803186 0.024999717
QP-Loss 1586000 0.01803186 0.024999717
QP-Loss 1587000 0.01803186 0.024999717
QP-Loss 1588000 0.01803186 0.024999717
QP-Loss 1589000 0.01803186 0.024999717
QP-Loss 1590000 0.01803186 0.024999717
QP-Loss 1591000 0.01803186 0.024999717
QP-Loss 1592000 0.01803186 0.024999717
QP-Loss 1593000 0.01803186 0.024999717
QP-Loss 1594000 0.01803186 0.024999717
QP-Loss 1595000 0.01803186 0.024999717
QP-Loss 1596000 0.01803186 0.024999717
QP-Loss 1597000 0.01803186 0.024999717
QP-Loss 1598000 0.01803186 0.024999717
QP-Loss 1599000 0.01803186 0.024999717
QP-Loss 1600000 0.01803186 0.024999717
QP-Loss 1601000 0.01803186 0.024999717
QP-Loss 1602000 0.01803186 0.024999717
QP-Loss 1603000 0.01803186 0.024999717
QP-Loss 1604000 0.01803186 0.024999717
QP-Loss 1605000 0.01803186 0.024999717
QP-Loss 1606000 0.01803186 0.024999717
QP-Loss 1607000 0.01803186 0.024999717
QP-Loss 1608000 0.01803186 0.024999717
QP-Loss 1609000 0.01803186 0.024999717
QP-Loss 1610000 0.01803186 0.024999717
QP-Loss 1611000 0.01803186 0.024999717
QP-Loss 1612000 0.01803186 0.024999717
QP-Loss 1613000 0.01803186 0.024999717
QP-Loss 1614000 0.01803186 0.024999717
QP-Loss 1615000 0.01803186 0.024999717
QP-Loss 1616000 0.01803186 0.024999717
QP-Loss 1617000 0.01803186 0.024999717
QP-Loss 1618000 0.01803186 0.024999717
QP-Loss 1619000 0.01803186 0.024999717
QP-Loss 1620000 0.01803186 0.024999717
QP-Loss 1621000 0.01803186 0.024999717
QP-Loss 1622000 0.01803186 0.024999717
QP-Loss 1623000 0.01803186 0.024999717
QP-Loss 1624000 0.01803186 0.024999717
QP-Loss 1625000 0.01803186 0.024999717
QP-Loss 1626000 0.01803186 0.024999717
QP-Loss 1627000 0.01803186 0.024999717
QP-Loss 1628000 0.01803186 0.024999717
QP-Loss 1629000 0.01803186 0.024999717
QP-Loss 1630000 0.01803186 0.024999717
QP-Loss 1631000 0.01803186 0.024999717
QP-Loss 1632000 0.01803186 0.024999717
QP-Loss 1633000 0.01803186 0.024999717
QP-Loss 1634000 0.01803186 0.024999717
QP-Loss 1635000 0.01803186 0.024999717
QP-Loss 1636000 0.01803186 0.024999717
QP-Loss 1637000 0.01803186 0.024999717
QP-Loss 1638000 0.01803186 0.024999717
QP-Loss 1639000 0.01803186 0.024999717
QP-Loss 1640000 0.01803186 0.024999717
QP-Loss 1641000 0.01803186 0.024999717
QP-Loss 1642000 0.01803186 0.024999717
QP-Loss 1643000 0.01803186 0.024999717
QP-Loss 1644000 0.01803186 0.024999717
QP-Loss 1645000 0.01803186 0.024999717
QP-Loss 1646000 0.01803186 0.024999717
QP-Loss 1647000 0.01803186 0.024999717
QP-Loss 1648000 0.01803186 0.024999717
QP-Loss 1649000 0.01803186 0.024999717
QP-Loss 1650000 0.01803186 0.024999717
QP-Loss 1651000 0.01803186 0.024999717
QP-Loss 1652000 0.01803186 0.024999717
QP-Loss 1653000 0.01803186 0.024999717
QP-Loss 1654000 0.01803186 0.024999717
QP-Loss 1655000 0.01803186 0.024999717
QP-Loss 1656000 0.01803186 0.024999717
QP-Loss 1657000 0.01803186 0.024999717
QP-Loss 1658000 0.01803186 0.024999717
QP-Loss 1659000 0.01803186 0.024999717
QP-Loss 1660000 0.01803186 0.024999717
QP-Loss 1661000 0.01803186 0.024999717
QP-Loss 1662000 0.01803186 0.024999717
QP-Loss 1663000 0.01803186 0.024999717
QP-Loss 1664000 0.01803186 0.024999717
QP-Loss 1665000 0.01803186 0.024999717
QP-Loss 1666000 0.01803186 0.024999717
QP-Loss 1667000 0.01803186 0.024999717
QP-Loss 1668000 0.01803186 0.024999717
QP-Loss 1669000 0.01803186 0.024999717
QP-Loss 1670000 0.01803186 0.024999717
QP-Loss 1671000 0.01803186 0.024999717
QP-Loss 1672000 0.01803186 0.024999717
QP-Loss 1673000 0.01803186 0.024999717
QP-Loss 1674000 0.01803186 0.024999717
QP-Loss 1675000 0.01803186 0.024999717
QP-Loss 1676000 0.01803186 0.024999717
QP-Loss 1677000 0.01803186 0.024999717
QP-Loss 1678000 0.01803186 0.024999717
QP-Loss 1679000 0.01803186 0.024999717
QP-Loss 1680000 0.01803186 0.024999717
QP-Loss 1681000 0.01803186 0.024999717
QP-Loss 1682000 0.01803186 0.024999717
QP-Loss 1683000 0.01803186 0.024999717
QP-Loss 1684000 0.01803186 0.024999717
QP-Loss 1685000 0.01803186 0.024999717
QP-Loss 1686000 0.01803186 0.024999717
QP-Loss 1687000 0.01803186 0.024999717
QP-Loss 1688000 0.01803186 0.024999717
QP-Loss 1689000 0.01803186 0.024999717
QP-Loss 1690000 0.01803186 0.024999717
QP-Loss 1691000 0.01803186 0.024999717
QP-Loss 1692000 0.01803186 0.024999717
QP-Loss 1693000 0.01803186 0.024999717
QP-Loss 1694000 0.01803186 0.024999717
QP-Loss 1695000 0.01803186 0.024999717
QP-Loss 1696000 0.01803186 0.024999717
QP-Loss 1697000 0.01803186 0.024999717
QP-Loss 1698000 0.01803186 0.024999717
QP-Loss 1699000 0.01803186 0.024999717
QP-Loss 1700000 0.01803186 0.024999717
QP-Loss 1701000 0.01803186 0.024999717
QP-Loss 1702000 0.01803186 0.024999717
QP-Loss 1703000 0.01803186 0.024999717
QP-Loss 1704000 0.01803186 0.024999717
QP-Loss 1705000 0.01803186 0.024999717
QP-Loss 1706000 0.01803186 0.024999717
QP-Loss 1707000 0.01803186 0.024999717
QP-Loss 1708000 0.01803186 0.024999717
QP-Loss 1709000 0.01803186 0.024999717
QP-Loss 1710000 0.01803186 0.024999717
QP-Loss 1711000 0.01803186 0.024999717
QP-Loss 1712000 0.01803186 0.024999717
QP-Loss 1713000 0.01803186 0.024999717
QP-Loss 1714000 0.01803186 0.024999717
QP-Loss 1715000 0.01803186 0.024999717
QP-Loss 1716000 0.01803186 0.024999717
QP-Loss 1717000 0.01803186 0.024999717
QP-Loss 1718000 0.01803186 0.024999717
QP-Loss 1719000 0.01803186 0.024999717
QP-Loss 1720000 0.01803186 0.024999717
QP-Loss 1721000 0.01803186 0.024999717
QP-Loss 1722000 0.01803186 0.024999717
QP-Loss 1723000 0.01803186 0.024999717
QP-Loss 1724000 0.01803186 0.024999717
QP-Loss 1725000 0.01803186 0.024999717
QP-Loss 1726000 0.01803186 0.024999717
QP-Loss 1727000 0.01803186 0.024999717
QP-Loss 1728000 0.01803186 0.024999717
QP-Loss 1729000 0.01803186 0.024999717
QP-Loss 1730000 0.01803186 0.024999717
QP-Loss 1731000 0.01803186 0.024999717
QP-Loss 1732000 0.01803186 0.024999717
QP-Loss 1733000 0.01803186 0.024999717
QP-Loss 1734000 0.01803186 0.024999717
QP-Loss 1735000 0.01803186 0.024999717
QP-Loss 1736000 0.01803186 0.024999717
QP-Loss 1737000 0.01803186 0.024999717
QP-Loss 1738000 0.01803186 0.024999717
QP-Loss 1739000 0.01803186 0.024999717
QP-Loss 1740000 0.01803186 0.024999717
QP-Loss 1741000 0.01803186 0.024999717
QP-Loss 1742000 0.01803186 0.024999717
QP-Loss 1743000 0.01803186 0.024999717
QP-Loss 1744000 0.01803186 0.024999717
QP-Loss 1745000 0.01803186 0.024999717
QP-Loss 1746000 0.01803186 0.024999717
QP-Loss 1747000 0.01803186 0.024999717
QP-Loss 1748000 0.01803186 0.024999717
QP-Loss 1749000 0.01803186 0.024999717
QP-Loss 1750000 0.01803186 0.024999717
QP-Loss 1751000 0.01803186 0.024999717
QP-Loss 1752000 0.01803186 0.024999717
QP-Loss 1753000 0.01803186 0.024999717
QP-Loss 1754000 0.01803186 0.024999717
QP-Loss 1755000 0.01803186 0.024999717
QP-Loss 1756000 0.01803186 0.024999717
QP-Loss 1757000 0.01803186 0.024999717
QP-Loss 1758000 0.01803186 0.024999717
QP-Loss 1759000 0.01803186 0.024999717
QP-Loss 1760000 0.01803186 0.024999717
QP-Loss 1761000 0.01803186 0.024999717
QP-Loss 1762000 0.01803186 0.024999717
QP-Loss 1763000 0.01803186 0.024999717
QP-Loss 1764000 0.01803186 0.024999717
QP-Loss 1765000 0.01803186 0.024999717
QP-Loss 1766000 0.01803186 0.024999717
QP-Loss 1767000 0.01803186 0.024999717
QP-Loss 1768000 0.01803186 0.024999717
QP-Loss 1769000 0.01803186 0.024999717
QP-Loss 1770000 0.01803186 0.024999717
QP-Loss 1771000 0.01803186 0.024999717
QP-Loss 1772000 0.01803186 0.024999717
QP-Loss 1773000 0.01803186 0.024999717
QP-Loss 1774000 0.01803186 0.024999717
QP-Loss 1775000 0.01803186 0.024999717
QP-Loss 1776000 0.01803186 0.024999717
QP-Loss 1777000 0.01803186 0.024999717
QP-Loss 1778000 0.01803186 0.024999717
QP-Loss 1779000 0.01803186 0.024999717
QP-Loss 1780000 0.01803186 0.024999717
QP-Loss 1781000 0.01803186 0.024999717
QP-Loss 1782000 0.01803186 0.024999717
QP-Loss 1783000 0.01803186 0.024999717
QP-Loss 1784000 0.01803186 0.024999717
QP-Loss 1785000 0.01803186 0.024999717
QP-Loss 1786000 0.01803186 0.024999717
QP-Loss 1787000 0.01803186 0.024999717
QP-Loss 1788000 0.01803186 0.024999717
QP-Loss 1789000 0.01803186 0.024999717
QP-Loss 1790000 0.01803186 0.024999717
QP-Loss 1791000 0.01803186 0.024999717
QP-Loss 1792000 0.01803186 0.024999717
QP-Loss 1793000 0.01803186 0.024999717
QP-Loss 1794000 0.01803186 0.024999717
QP-Loss 1795000 0.01803186 0.024999717
QP-Loss 1796000 0.01803186 0.024999717
QP-Loss 1797000 0.01803186 0.024999717
QP-Loss 1798000 0.01803186 0.024999717
QP-Loss 1799000 0.01803186 0.024999717
QP-Loss 1800000 0.01803186 0.024999717
QP-Loss 1801000 0.01803186 0.024999717
QP-Loss 1802000 0.01803186 0.024999717
QP-Loss 1803000 0.01803186 0.024999717
QP-Loss 1804000 0.01803186 0.024999717
QP-Loss 1805000 0.01803186 0.024999717
QP-Loss 1806000 0.01803186 0.024999717
QP-Loss 1807000 0.01803186 0.024999717
QP-Loss 1808000 0.01803186 0.024999717
QP-Loss 1809000 0.01803186 0.024999717
QP-Loss 1810000 0.01803186 0.024999717
QP-Loss 1811000 0.01803186 0.024999717
QP-Loss 1812000 0.01803186 0.024999717
QP-Loss 1813000 0.01803186 0.024999717
QP-Loss 1814000 0.01803186 0.024999717
QP-Loss 1815000 0.01803186 0.024999717
QP-Loss 1816000 0.01803186 0.024999717
QP-Loss 1817000 0.01803186 0.024999717
QP-Loss 1818000 0.01803186 0.024999717
QP-Loss 1819000 0.01803186 0.024999717
QP-Loss 1820000 0.01803186 0.024999717
QP-Loss 1821000 0.01803186 0.024999717
QP-Loss 1822000 0.01803186 0.024999717
QP-Loss 1823000 0.01803186 0.024999717
QP-Loss 1824000 0.01803186 0.024999717
QP-Loss 1825000 0.01803186 0.024999717
QP-Loss 1826000 0.01803186 0.024999717
QP-Loss 1827000 0.01803186 0.024999717
QP-Loss 1828000 0.01803186 0.024999717
QP-Loss 1829000 0.01803186 0.024999717
QP-Loss 1830000 0.01803186 0.024999717
QP-Loss 1831000 0.01803186 0.024999717
QP-Loss 1832000 0.01803186 0.024999717
QP-Loss 1833000 0.01803186 0.024999717
QP-Loss 1834000 0.01803186 0.024999717
QP-Loss 1835000 0.01803186 0.024999717
QP-Loss 1836000 0.01803186 0.024999717
QP-Loss 1837000 0.01803186 0.024999717
QP-Loss 1838000 0.01803186 0.024999717
QP-Loss 1839000 0.01803186 0.024999717
QP-Loss 1840000 0.01803186 0.024999717
QP-Loss 1841000 0.01803186 0.024999717
QP-Loss 1842000 0.01803186 0.024999717
QP-Loss 1843000 0.01803186 0.024999717
QP-Loss 1844000 0.01803186 0.024999717
QP-Loss 1845000 0.01803186 0.024999717
QP-Loss 1846000 0.01803186 0.024999717
QP-Loss 1847000 0.01803186 0.024999717
QP-Loss 1848000 0.01803186 0.024999717
QP-Loss 1849000 0.01803186 0.024999717
QP-Loss 1850000 0.01803186 0.024999717
QP-Loss 1851000 0.01803186 0.024999717
QP-Loss 1852000 0.01803186 0.024999717
QP-Loss 1853000 0.01803186 0.024999717
QP-Loss 1854000 0.01803186 0.024999717
QP-Loss 1855000 0.01803186 0.024999717
QP-Loss 1856000 0.01803186 0.024999717
QP-Loss 1857000 0.01803186 0.024999717
QP-Loss 1858000 0.01803186 0.024999717
QP-Loss 1859000 0.01803186 0.024999717
QP-Loss 1860000 0.01803186 0.024999717
QP-Loss 1861000 0.01803186 0.024999717
QP-Loss 1862000 0.01803186 0.024999717
QP-Loss 1863000 0.01803186 0.024999717
QP-Loss 1864000 0.01803186 0.024999717
QP-Loss 1865000 0.01803186 0.024999717
QP-Loss 1866000 0.01803186 0.024999717
QP-Loss 1867000 0.01803186 0.024999717
QP-Loss 1868000 0.01803186 0.024999717
QP-Loss 1869000 0.01803186 0.024999717
QP-Loss 1870000 0.01803186 0.024999717
QP-Loss 1871000 0.01803186 0.024999717
QP-Loss 1872000 0.01803186 0.024999717
QP-Loss 1873000 0.01803186 0.024999717
QP-Loss 1874000 0.01803186 0.024999717
QP-Loss 1875000 0.01803186 0.024999717
QP-Loss 1876000 0.01803186 0.024999717
QP-Loss 1877000 0.01803186 0.024999717
QP-Loss 1878000 0.01803186 0.024999717
QP-Loss 1879000 0.01803186 0.024999717
QP-Loss 1880000 0.01803186 0.024999717
QP-Loss 1881000 0.01803186 0.024999717
QP-Loss 1882000 0.01803186 0.024999717
QP-Loss 1883000 0.01803186 0.024999717
QP-Loss 1884000 0.01803186 0.024999717
QP-Loss 1885000 0.01803186 0.024999717
QP-Loss 1886000 0.01803186 0.024999717
QP-Loss 1887000 0.01803186 0.024999717
QP-Loss 1888000 0.01803186 0.024999717
QP-Loss 1889000 0.01803186 0.024999717
QP-Loss 1890000 0.01803186 0.024999717
QP-Loss 1891000 0.01803186 0.024999717
QP-Loss 1892000 0.01803186 0.024999717
QP-Loss 1893000 0.01803186 0.024999717
QP-Loss 1894000 0.01803186 0.024999717
QP-Loss 1895000 0.01803186 0.024999717
QP-Loss 1896000 0.01803186 0.024999717
QP-Loss 1897000 0.01803186 0.024999717
QP-Loss 1898000 0.01803186 0.024999717
QP-Loss 1899000 0.01803186 0.024999717
QP-Loss 1900000 0.01803186 0.024999717
QP-Loss 1901000 0.01803186 0.024999717
QP-Loss 1902000 0.01803186 0.024999717
QP-Loss 1903000 0.01803186 0.024999717
QP-Loss 1904000 0.01803186 0.024999717
QP-Loss 1905000 0.01803186 0.024999717
QP-Loss 1906000 0.01803186 0.024999717
QP-Loss 1907000 0.01803186 0.024999717
QP-Loss 1908000 0.01803186 0.024999717
QP-Loss 1909000 0.01803186 0.024999717
QP-Loss 1910000 0.01803186 0.024999717
QP-Loss 1911000 0.01803186 0.024999717
QP-Loss 1912000 0.01803186 0.024999717
QP-Loss 1913000 0.01803186 0.024999717
QP-Loss 1914000 0.01803186 0.024999717
QP-Loss 1915000 0.01803186 0.024999717
QP-Loss 1916000 0.01803186 0.024999717
QP-Loss 1917000 0.01803186 0.024999717
QP-Loss 1918000 0.01803186 0.024999717
QP-Loss 1919000 0.01803186 0.024999717
QP-Loss 1920000 0.01803186 0.024999717
QP-Loss 1921000 0.01803186 0.024999717
QP-Loss 1922000 0.01803186 0.024999717
QP-Loss 1923000 0.01803186 0.024999717
QP-Loss 1924000 0.01803186 0.024999717
QP-Loss 1925000 0.01803186 0.024999717
QP-Loss 1926000 0.01803186 0.024999717
QP-Loss 1927000 0.01803186 0.024999717
QP-Loss 1928000 0.01803186 0.024999717
QP-Loss 1929000 0.01803186 0.024999717
QP-Loss 1930000 0.01803186 0.024999717
QP-Loss 1931000 0.01803186 0.024999717
QP-Loss 1932000 0.01803186 0.024999717
QP-Loss 1933000 0.01803186 0.024999717
QP-Loss 1934000 0.01803186 0.024999717
QP-Loss 1935000 0.01803186 0.024999717
QP-Loss 1936000 0.01803186 0.024999717
QP-Loss 1937000 0.01803186 0.024999717
QP-Loss 1938000 0.01803186 0.024999717
QP-Loss 1939000 0.01803186 0.024999717
QP-Loss 1940000 0.01803186 0.024999717
QP-Loss 1941000 0.01803186 0.024999717
QP-Loss 1942000 0.01803186 0.024999717
QP-Loss 1943000 0.01803186 0.024999717
QP-Loss 1944000 0.01803186 0.024999717
QP-Loss 1945000 0.01803186 0.024999717
QP-Loss 1946000 0.01803186 0.024999717
QP-Loss 1947000 0.01803186 0.024999717
QP-Loss 1948000 0.01803186 0.024999717
QP-Loss 1949000 0.01803186 0.024999717
QP-Loss 1950000 0.01803186 0.024999717
QP-Loss 1951000 0.01803186 0.024999717
QP-Loss 1952000 0.01803186 0.024999717
QP-Loss 1953000 0.01803186 0.024999717
QP-Loss 1954000 0.01803186 0.024999717
QP-Loss 1955000 0.01803186 0.024999717
QP-Loss 1956000 0.01803186 0.024999717
QP-Loss 1957000 0.01803186 0.024999717
QP-Loss 1958000 0.01803186 0.024999717
QP-Loss 1959000 0.01803186 0.024999717
QP-Loss 1960000 0.01803186 0.024999717
QP-Loss 1961000 0.01803186 0.024999717
QP-Loss 1962000 0.01803186 0.024999717
QP-Loss 1963000 0.01803186 0.024999717
QP-Loss 1964000 0.01803186 0.024999717
QP-Loss 1965000 0.01803186 0.024999717
QP-Loss 1966000 0.01803186 0.024999717
QP-Loss 1967000 0.01803186 0.024999717
QP-Loss 1968000 0.01803186 0.024999717
QP-Loss 1969000 0.01803186 0.024999717
QP-Loss 1970000 0.01803186 0.024999717
QP-Loss 1971000 0.01803186 0.024999717
QP-Loss 1972000 0.01803186 0.024999717
QP-Loss 1973000 0.01803186 0.024999717
QP-Loss 1974000 0.01803186 0.024999717
QP-Loss 1975000 0.01803186 0.024999717
QP-Loss 1976000 0.01803186 0.024999717
QP-Loss 1977000 0.01803186 0.024999717
QP-Loss 1978000 0.01803186 0.024999717
QP-Loss 1979000 0.01803186 0.024999717
QP-Loss 1980000 0.01803186 0.024999717
QP-Loss 1981000 0.01803186 0.024999717
QP-Loss 1982000 0.01803186 0.024999717
QP-Loss 1983000 0.01803186 0.024999717
QP-Loss 1984000 0.01803186 0.024999717
QP-Loss 1985000 0.01803186 0.024999717
QP-Loss 1986000 0.01803186 0.024999717
QP-Loss 1987000 0.01803186 0.024999717
QP-Loss 1988000 0.01803186 0.024999717
QP-Loss 1989000 0.01803186 0.024999717
QP-Loss 1990000 0.01803186 0.024999717
QP-Loss 1991000 0.01803186 0.024999717
QP-Loss 1992000 0.01803186 0.024999717
QP-Loss 1993000 0.01803186 0.024999717
QP-Loss 1994000 0.01803186 0.024999717
QP-Loss 1995000 0.01803186 0.024999717
QP-Loss 1996000 0.01803186 0.024999717
QP-Loss 1997000 0.01803186 0.024999717
QP-Loss 1998000 0.01803186 0.024999717
QP-Loss 1999000 0.01803186 0.024999717
QP-Loss 2000000 0.01803186 0.024999717
QP-Loss 2001000 0.01803186 0.024999717
QP-Loss 2002000 0.01803186 0.024999717
QP-Loss 2003000 0.01803186 0.024999717
QP-Loss 2004000 0.01803186 0.024999717
QP-Loss 2005000 0.01803186 0.024999717
QP-Loss 2006000 0.01803186 0.024999717
QP-Loss 2007000 0.01803186 0.024999717
QP-Loss 2008000 0.01803186 0.024999717
QP-Loss 2009000 0.01803186 0.024999717
QP-Loss 2010000 0.01803186 0.024999717
QP-Loss 2011000 0.01803186 0.024999717
QP-Loss 2012000 0.01803186 0.024999717
QP-Loss 2013000 0.01803186 0.024999717
QP-Loss 2014000 0.01803186 0.024999717
QP-Loss 2015000 0.01803186 0.024999717
QP-Loss 2016000 0.01803186 0.024999717
QP-Loss 2017000 0.01803186 0.024999717
QP-Loss 2018000 0.01803186 0.024999717
QP-Loss 2019000 0.01803186 0.024999717
QP-Loss 2020000 0.01803186 0.024999717
QP-Loss 2021000 0.01803186 0.024999717
QP-Loss 2022000 0.01803186 0.024999717
QP-Loss 2023000 0.01803186 0.024999717
QP-Loss 2024000 0.01803186 0.024999717
QP-Loss 2025000 0.01803186 0.024999717
QP-Loss 2026000 0.01803186 0.024999717
QP-Loss 2027000 0.01803186 0.024999717
QP-Loss 2028000 0.01803186 0.024999717
QP-Loss 2029000 0.01803186 0.024999717
QP-Loss 2030000 0.01803186 0.024999717
QP-Loss 2031000 0.01803186 0.024999717
QP-Loss 2032000 0.01803186 0.024999717
QP-Loss 2033000 0.01803186 0.024999717
QP-Loss 2034000 0.01803186 0.024999717
QP-Loss 2035000 0.01803186 0.024999717
QP-Loss 2036000 0.01803186 0.024999717
QP-Loss 2037000 0.01803186 0.024999717
QP-Loss 2038000 0.01803186 0.024999717
QP-Loss 2039000 0.01803186 0.024999717
QP-Loss 2040000 0.01803186 0.024999717
QP-Loss 2041000 0.01803186 0.024999717
QP-Loss 2042000 0.01803186 0.024999717
QP-Loss 2043000 0.01803186 0.024999717
QP-Loss 2044000 0.01803186 0.024999717
QP-Loss 2045000 0.01803186 0.024999717
QP-Loss 2046000 0.01803186 0.024999717
QP-Loss 2047000 0.01803186 0.024999717
QP-Loss 2048000 0.01803186 0.024999717
QP-Loss 2049000 0.01803186 0.024999717
QP-Loss 2050000 0.01803186 0.024999717
QP-Loss 2051000 0.01803186 0.024999717
QP-Loss 2052000 0.01803186 0.024999717
QP-Loss 2053000 0.01803186 0.024999717
QP-Loss 2054000 0.01803186 0.024999717
QP-Loss 2055000 0.01803186 0.024999717
QP-Loss 2056000 0.01803186 0.024999717
QP-Loss 2057000 0.01803186 0.024999717
QP-Loss 2058000 0.01803186 0.024999717
QP-Loss 2059000 0.01803186 0.024999717
QP-Loss 2060000 0.01803186 0.024999717
QP-Loss 2061000 0.01803186 0.024999717
QP-Loss 2062000 0.01803186 0.024999717
QP-Loss 2063000 0.01803186 0.024999717
QP-Loss 2064000 0.01803186 0.024999717
QP-Loss 2065000 0.01803186 0.024999717
QP-Loss 2066000 0.01803186 0.024999717
QP-Loss 2067000 0.01803186 0.024999717
QP-Loss 2068000 0.01803186 0.024999717
QP-Loss 2069000 0.01803186 0.024999717
QP-Loss 2070000 0.01803186 0.024999717
QP-Loss 2071000 0.01803186 0.024999717
QP-Loss 2072000 0.01803186 0.024999717
QP-Loss 2073000 0.01803186 0.024999717
QP-Loss 2074000 0.01803186 0.024999717
QP-Loss 2075000 0.01803186 0.024999717
QP-Loss 2076000 0.01803186 0.024999717
QP-Loss 2077000 0.01803186 0.024999717
QP-Loss 2078000 0.01803186 0.024999717
QP-Loss 2079000 0.01803186 0.024999717
QP-Loss 2080000 0.01803186 0.024999717
QP-Loss 2081000 0.01803186 0.024999717
QP-Loss 2082000 0.01803186 0.024999717
QP-Loss 2083000 0.01803186 0.024999717
QP-Loss 2084000 0.01803186 0.024999717
QP-Loss 2085000 0.01803186 0.024999717
QP-Loss 2086000 0.01803186 0.024999717
QP-Loss 2087000 0.01803186 0.024999717
QP-Loss 2088000 0.01803186 0.024999717
QP-Loss 2089000 0.01803186 0.024999717
QP-Loss 2090000 0.01803186 0.024999717
QP-Loss 2091000 0.01803186 0.024999717
QP-Loss 2092000 0.01803186 0.024999717
QP-Loss 2093000 0.01803186 0.024999717
QP-Loss 2094000 0.01803186 0.024999717
QP-Loss 2095000 0.01803186 0.024999717
QP-Loss 2096000 0.01803186 0.024999717
QP-Loss 2097000 0.01803186 0.024999717
QP-Loss 2098000 0.01803186 0.024999717
QP-Loss 2099000 0.01803186 0.024999717
QP-Loss 2100000 0.01803186 0.024999717
QP-Loss 2101000 0.01803186 0.024999717
QP-Loss 2102000 0.01803186 0.024999717
QP-Loss 2103000 0.01803186 0.024999717
QP-Loss 2104000 0.01803186 0.024999717
QP-Loss 2105000 0.01803186 0.024999717
QP-Loss 2106000 0.01803186 0.024999717
QP-Loss 2107000 0.01803186 0.024999717
QP-Loss 2108000 0.01803186 0.024999717
QP-Loss 2109000 0.01803186 0.024999717
QP-Loss 2110000 0.01803186 0.024999717
QP-Loss 2111000 0.01803186 0.024999717
QP-Loss 2112000 0.01803186 0.024999717
QP-Loss 2113000 0.01803186 0.024999717
QP-Loss 2114000 0.01803186 0.024999717
QP-Loss 2115000 0.01803186 0.024999717
QP-Loss 2116000 0.01803186 0.024999717
QP-Loss 2117000 0.01803186 0.024999717
QP-Loss 2118000 0.01803186 0.024999717
QP-Loss 2119000 0.01803186 0.024999717
QP-Loss 2120000 0.01803186 0.024999717
QP-Loss 2121000 0.01803186 0.024999717
QP-Loss 2122000 0.01803186 0.024999717
QP-Loss 2123000 0.01803186 0.024999717
QP-Loss 2124000 0.01803186 0.024999717
QP-Loss 2125000 0.01803186 0.024999717
QP-Loss 2126000 0.01803186 0.024999717
QP-Loss 2127000 0.01803186 0.024999717
QP-Loss 2128000 0.01803186 0.024999717
QP-Loss 2129000 0.01803186 0.024999717
QP-Loss 2130000 0.01803186 0.024999717
QP-Loss 2131000 0.01803186 0.024999717
QP-Loss 2132000 0.01803186 0.024999717
QP-Loss 2133000 0.01803186 0.024999717
QP-Loss 2134000 0.01803186 0.024999717
QP-Loss 2135000 0.01803186 0.024999717
QP-Loss 2136000 0.01803186 0.024999717
QP-Loss 2137000 0.01803186 0.024999717
QP-Loss 2138000 0.01803186 0.024999717
QP-Loss 2139000 0.01803186 0.024999717
QP-Loss 2140000 0.01803186 0.024999717
QP-Loss 2141000 0.01803186 0.024999717
QP-Loss 2142000 0.01803186 0.024999717
QP-Loss 2143000 0.01803186 0.024999717
QP-Loss 2144000 0.01803186 0.024999717
QP-Loss 2145000 0.01803186 0.024999717
QP-Loss 2146000 0.01803186 0.024999717
QP-Loss 2147000 0.01803186 0.024999717
QP-Loss 2148000 0.01803186 0.024999717
QP-Loss 2149000 0.01803186 0.024999717
QP-Loss 2150000 0.01803186 0.024999717
QP-Loss 2151000 0.01803186 0.024999717
QP-Loss 2152000 0.01803186 0.024999717
QP-Loss 2153000 0.01803186 0.024999717
QP-Loss 2154000 0.01803186 0.024999717
QP-Loss 2155000 0.01803186 0.024999717
QP-Loss 2156000 0.01803186 0.024999717
QP-Loss 2157000 0.01803186 0.024999717
QP-Loss 2158000 0.01803186 0.024999717
QP-Loss 2159000 0.01803186 0.024999717
QP-Loss 2160000 0.01803186 0.024999717
QP-Loss 2161000 0.01803186 0.024999717
QP-Loss 2162000 0.01803186 0.024999717
QP-Loss 2163000 0.01803186 0.024999717
QP-Loss 2164000 0.01803186 0.024999717
QP-Loss 2165000 0.01803186 0.024999717
QP-Loss 2166000 0.01803186 0.024999717
QP-Loss 2167000 0.01803186 0.024999717
QP-Loss 2168000 0.01803186 0.024999717
QP-Loss 2169000 0.01803186 0.024999717
QP-Loss 2170000 0.01803186 0.024999717
QP-Loss 2171000 0.01803186 0.024999717
QP-Loss 2172000 0.01803186 0.024999717
QP-Loss 2173000 0.01803186 0.024999717
QP-Loss 2174000 0.01803186 0.024999717
QP-Loss 2175000 0.01803186 0.024999717
QP-Loss 2176000 0.01803186 0.024999717
QP-Loss 2177000 0.01803186 0.024999717
QP-Loss 2178000 0.01803186 0.024999717
QP-Loss 2179000 0.01803186 0.024999717
QP-Loss 2180000 0.01803186 0.024999717
QP-Loss 2181000 0.01803186 0.024999717
QP-Loss 2182000 0.01803186 0.024999717
QP-Loss 2183000 0.01803186 0.024999717
QP-Loss 2184000 0.01803186 0.024999717
QP-Loss 2185000 0.01803186 0.024999717
QP-Loss 2186000 0.01803186 0.024999717
QP-Loss 2187000 0.01803186 0.024999717
QP-Loss 2188000 0.01803186 0.024999717
QP-Loss 2189000 0.01803186 0.024999717
QP-Loss 2190000 0.01803186 0.024999717
QP-Loss 2191000 0.01803186 0.024999717
QP-Loss 2192000 0.01803186 0.024999717
QP-Loss 2193000 0.01803186 0.024999717
QP-Loss 2194000 0.01803186 0.024999717
QP-Loss 2195000 0.01803186 0.024999717
QP-Loss 2196000 0.01803186 0.024999717
QP-Loss 2197000 0.01803186 0.024999717
QP-Loss 2198000 0.01803186 0.024999717
QP-Loss 2199000 0.01803186 0.024999717
QP-Loss 2200000 0.01803186 0.024999717
QP-Loss 2201000 0.01803186 0.024999717
QP-Loss 2202000 0.01803186 0.024999717
QP-Loss 2203000 0.01803186 0.024999717
QP-Loss 2204000 0.01803186 0.024999717
QP-Loss 2205000 0.01803186 0.024999717
QP-Loss 2206000 0.01803186 0.024999717
QP-Loss 2207000 0.01803186 0.024999717
QP-Loss 2208000 0.01803186 0.024999717
QP-Loss 2209000 0.01803186 0.024999717
QP-Loss 2210000 0.01803186 0.024999717
QP-Loss 2211000 0.01803186 0.024999717
QP-Loss 2212000 0.01803186 0.024999717
QP-Loss 2213000 0.01803186 0.024999717
QP-Loss 2214000 0.01803186 0.024999717
QP-Loss 2215000 0.01803186 0.024999717
QP-Loss 2216000 0.01803186 0.024999717
QP-Loss 2217000 0.01803186 0.024999717
QP-Loss 2218000 0.01803186 0.024999717
QP-Loss 2219000 0.01803186 0.024999717
QP-Loss 2220000 0.01803186 0.024999717
QP-Loss 2221000 0.01803186 0.024999717
QP-Loss 2222000 0.01803186 0.024999717
QP-Loss 2223000 0.01803186 0.024999717
QP-Loss 2224000 0.01803186 0.024999717
QP-Loss 2225000 0.01803186 0.024999717
QP-Loss 2226000 0.01803186 0.024999717
QP-Loss 2227000 0.01803186 0.024999717
QP-Loss 2228000 0.01803186 0.024999717
QP-Loss 2229000 0.01803186 0.024999717
QP-Loss 2230000 0.01803186 0.024999717
QP-Loss 2231000 0.01803186 0.024999717
QP-Loss 2232000 0.01803186 0.024999717
QP-Loss 2233000 0.01803186 0.024999717
QP-Loss 2234000 0.01803186 0.024999717
QP-Loss 2235000 0.01803186 0.024999717
QP-Loss 2236000 0.01803186 0.024999717
QP-Loss 2237000 0.01803186 0.024999717
QP-Loss 2238000 0.01803186 0.024999717
QP-Loss 2239000 0.01803186 0.024999717
QP-Loss 2240000 0.01803186 0.024999717
QP-Loss 2241000 0.01803186 0.024999717
QP-Loss 2242000 0.01803186 0.024999717
QP-Loss 2243000 0.01803186 0.024999717
QP-Loss 2244000 0.01803186 0.024999717
QP-Loss 2245000 0.01803186 0.024999717
QP-Loss 2246000 0.01803186 0.024999717
QP-Loss 2247000 0.01803186 0.024999717
QP-Loss 2248000 0.01803186 0.024999717
QP-Loss 2249000 0.01803186 0.024999717
QP-Loss 2250000 0.01803186 0.024999717
QP-Loss 2251000 0.01803186 0.024999717
QP-Loss 2252000 0.01803186 0.024999717
QP-Loss 2253000 0.01803186 0.024999717
QP-Loss 2254000 0.01803186 0.024999717
QP-Loss 2255000 0.01803186 0.024999717
QP-Loss 2256000 0.01803186 0.024999717
QP-Loss 2257000 0.01803186 0.024999717
QP-Loss 2258000 0.01803186 0.024999717
QP-Loss 2259000 0.01803186 0.024999717
QP-Loss 2260000 0.01803186 0.024999717
QP-Loss 2261000 0.01803186 0.024999717
QP-Loss 2262000 0.01803186 0.024999717
QP-Loss 2263000 0.01803186 0.024999717
QP-Loss 2264000 0.01803186 0.024999717
QP-Loss 2265000 0.01803186 0.024999717
QP-Loss 2266000 0.01803186 0.024999717
QP-Loss 2267000 0.01803186 0.024999717
QP-Loss 2268000 0.01803186 0.024999717
QP-Loss 2269000 0.01803186 0.024999717
QP-Loss 2270000 0.01803186 0.024999717
QP-Loss 2271000 0.01803186 0.024999717
QP-Loss 2272000 0.01803186 0.024999717
QP-Loss 2273000 0.01803186 0.024999717
QP-Loss 2274000 0.01803186 0.024999717
QP-Loss 2275000 0.01803186 0.024999717
QP-Loss 2276000 0.01803186 0.024999717
QP-Loss 2277000 0.01803186 0.024999717
QP-Loss 2278000 0.01803186 0.024999717
QP-Loss 2279000 0.01803186 0.024999717
QP-Loss 2280000 0.01803186 0.024999717
QP-Loss 2281000 0.01803186 0.024999717
QP-Loss 2282000 0.01803186 0.024999717
QP-Loss 2283000 0.01803186 0.024999717
QP-Loss 2284000 0.01803186 0.024999717
QP-Loss 2285000 0.01803186 0.024999717
QP-Loss 2286000 0.01803186 0.024999717
QP-Loss 2287000 0.01803186 0.024999717
QP-Loss 2288000 0.01803186 0.024999717
QP-Loss 2289000 0.01803186 0.024999717
QP-Loss 2290000 0.01803186 0.024999717
QP-Loss 2291000 0.01803186 0.024999717
QP-Loss 2292000 0.01803186 0.024999717
QP-Loss 2293000 0.01803186 0.024999717
QP-Loss 2294000 0.01803186 0.024999717
QP-Loss 2295000 0.01803186 0.024999717
QP-Loss 2296000 0.01803186 0.024999717
QP-Loss 2297000 0.01803186 0.024999717
QP-Loss 2298000 0.01803186 0.024999717
QP-Loss 2299000 0.01803186 0.024999717
QP-Loss 2300000 0.01803186 0.024999717
QP-Loss 2301000 0.01803186 0.024999717
QP-Loss 2302000 0.01803186 0.024999717
QP-Loss 2303000 0.01803186 0.024999717
QP-Loss 2304000 0.01803186 0.024999717
QP-Loss 2305000 0.01803186 0.024999717
QP-Loss 2306000 0.01803186 0.024999717
QP-Loss 2307000 0.01803186 0.024999717
QP-Loss 2308000 0.01803186 0.024999717
QP-Loss 2309000 0.01803186 0.024999717
QP-Loss 2310000 0.01803186 0.024999717
QP-Loss 2311000 0.01803186 0.024999717
QP-Loss 2312000 0.01803186 0.024999717
QP-Loss 2313000 0.01803186 0.024999717
QP-Loss 2314000 0.01803186 0.024999717
QP-Loss 2315000 0.01803186 0.024999717
QP-Loss 2316000 0.01803186 0.024999717
QP-Loss 2317000 0.01803186 0.024999717
QP-Loss 2318000 0.01803186 0.024999717
QP-Loss 2319000 0.01803186 0.024999717
QP-Loss 2320000 0.01803186 0.024999717
QP-Loss 2321000 0.01803186 0.024999717
QP-Loss 2322000 0.01803186 0.024999717
QP-Loss 2323000 0.01803186 0.024999717
QP-Loss 2324000 0.01803186 0.024999717
QP-Loss 2325000 0.01803186 0.024999717
QP-Loss 2326000 0.01803186 0.024999717
QP-Loss 2327000 0.01803186 0.024999717
QP-Loss 2328000 0.01803186 0.024999717
QP-Loss 2329000 0.01803186 0.024999717
QP-Loss 2330000 0.01803186 0.024999717
QP-Loss 2331000 0.01803186 0.024999717
QP-Loss 2332000 0.01803186 0.024999717
QP-Loss 2333000 0.01803186 0.024999717
QP-Loss 2334000 0.01803186 0.024999717
QP-Loss 2335000 0.01803186 0.024999717
QP-Loss 2336000 0.01803186 0.024999717
QP-Loss 2337000 0.01803186 0.024999717
QP-Loss 2338000 0.01803186 0.024999717
QP-Loss 2339000 0.01803186 0.024999717
QP-Loss 2340000 0.01803186 0.024999717
QP-Loss 2341000 0.01803186 0.024999717
QP-Loss 2342000 0.01803186 0.024999717
QP-Loss 2343000 0.01803186 0.024999717
QP-Loss 2344000 0.01803186 0.024999717
QP-Loss 2345000 0.01803186 0.024999717
QP-Loss 2346000 0.01803186 0.024999717
QP-Loss 2347000 0.01803186 0.024999717
QP-Loss 2348000 0.01803186 0.024999717
QP-Loss 2349000 0.01803186 0.024999717
QP-Loss 2350000 0.01803186 0.024999717
QP-Loss 2351000 0.01803186 0.024999717
QP-Loss 2352000 0.01803186 0.024999717
QP-Loss 2353000 0.01803186 0.024999717
QP-Loss 2354000 0.01803186 0.024999717
QP-Loss 2355000 0.01803186 0.024999717
QP-Loss 2356000 0.01803186 0.024999717
QP-Loss 2357000 0.01803186 0.024999717
QP-Loss 2358000 0.01803186 0.024999717
QP-Loss 2359000 0.01803186 0.024999717
QP-Loss 2360000 0.01803186 0.024999717
QP-Loss 2361000 0.01803186 0.024999717
QP-Loss 2362000 0.01803186 0.024999717
QP-Loss 2363000 0.01803186 0.024999717
QP-Loss 2364000 0.01803186 0.024999717
QP-Loss 2365000 0.01803186 0.024999717
QP-Loss 2366000 0.01803186 0.024999717
QP-Loss 2367000 0.01803186 0.024999717
QP-Loss 2368000 0.01803186 0.024999717
QP-Loss 2369000 0.01803186 0.024999717
QP-Loss 2370000 0.01803186 0.024999717
QP-Loss 2371000 0.01803186 0.024999717
QP-Loss 2372000 0.01803186 0.024999717
QP-Loss 2373000 0.01803186 0.024999717
QP-Loss 2374000 0.01803186 0.024999717
QP-Loss 2375000 0.01803186 0.024999717
QP-Loss 2376000 0.01803186 0.024999717
QP-Loss 2377000 0.01803186 0.024999717
QP-Loss 2378000 0.01803186 0.024999717
QP-Loss 2379000 0.01803186 0.024999717
QP-Loss 2380000 0.01803186 0.024999717
QP-Loss 2381000 0.01803186 0.024999717
QP-Loss 2382000 0.01803186 0.024999717
QP-Loss 2383000 0.01803186 0.024999717
QP-Loss 2384000 0.01803186 0.024999717
QP-Loss 2385000 0.01803186 0.024999717
QP-Loss 2386000 0.01803186 0.024999717
QP-Loss 2387000 0.01803186 0.024999717
QP-Loss 2388000 0.01803186 0.024999717
QP-Loss 2389000 0.01803186 0.024999717
QP-Loss 2390000 0.01803186 0.024999717
QP-Loss 2391000 0.01803186 0.024999717
QP-Loss 2392000 0.01803186 0.024999717
QP-Loss 2393000 0.01803186 0.024999717
QP-Loss 2394000 0.01803186 0.024999717
QP-Loss 2395000 0.01803186 0.024999717
QP-Loss 2396000 0.01803186 0.024999717
QP-Loss 2397000 0.01803186 0.024999717
QP-Loss 2398000 0.01803186 0.024999717
QP-Loss 2399000 0.01803186 0.024999717
QP-Loss 2400000 0.01803186 0.024999717
QP-Loss 2401000 0.01803186 0.024999717
QP-Loss 2402000 0.01803186 0.024999717
QP-Loss 2403000 0.01803186 0.024999717
QP-Loss 2404000 0.01803186 0.024999717
QP-Loss 2405000 0.01803186 0.024999717
QP-Loss 2406000 0.01803186 0.024999717
QP-Loss 2407000 0.01803186 0.024999717
QP-Loss 2408000 0.01803186 0.024999717
QP-Loss 2409000 0.01803186 0.024999717
QP-Loss 2410000 0.01803186 0.024999717
QP-Loss 2411000 0.01803186 0.024999717
QP-Loss 2412000 0.01803186 0.024999717
QP-Loss 2413000 0.01803186 0.024999717
QP-Loss 2414000 0.01803186 0.024999717
QP-Loss 2415000 0.01803186 0.024999717
QP-Loss 2416000 0.01803186 0.024999717
QP-Loss 2417000 0.01803186 0.024999717
QP-Loss 2418000 0.01803186 0.024999717
QP-Loss 2419000 0.01803186 0.024999717
QP-Loss 2420000 0.01803186 0.024999717
QP-Loss 2421000 0.01803186 0.024999717
QP-Loss 2422000 0.01803186 0.024999717
QP-Loss 2423000 0.01803186 0.024999717
QP-Loss 2424000 0.01803186 0.024999717
QP-Loss 2425000 0.01803186 0.024999717
QP-Loss 2426000 0.01803186 0.024999717
QP-Loss 2427000 0.01803186 0.024999717
QP-Loss 2428000 0.01803186 0.024999717
QP-Loss 2429000 0.01803186 0.024999717
QP-Loss 2430000 0.01803186 0.024999717
QP-Loss 2431000 0.01803186 0.024999717
QP-Loss 2432000 0.01803186 0.024999717
QP-Loss 2433000 0.01803186 0.024999717
QP-Loss 2434000 0.01803186 0.024999717
QP-Loss 2435000 0.01803186 0.024999717
QP-Loss 2436000 0.01803186 0.024999717
QP-Loss 2437000 0.01803186 0.024999717
QP-Loss 2438000 0.01803186 0.024999717
QP-Loss 2439000 0.01803186 0.024999717
QP-Loss 2440000 0.01803186 0.024999717
QP-Loss 2441000 0.01803186 0.024999717
QP-Loss 2442000 0.01803186 0.024999717
QP-Loss 2443000 0.01803186 0.024999717
QP-Loss 2444000 0.01803186 0.024999717
QP-Loss 2445000 0.01803186 0.024999717
QP-Loss 2446000 0.01803186 0.024999717
QP-Loss 2447000 0.01803186 0.024999717
QP-Loss 2448000 0.01803186 0.024999717
QP-Loss 2449000 0.01803186 0.024999717
QP-Loss 2450000 0.01803186 0.024999717
QP-Loss 2451000 0.01803186 0.024999717
QP-Loss 2452000 0.01803186 0.024999717
QP-Loss 2453000 0.01803186 0.024999717
QP-Loss 2454000 0.01803186 0.024999717
QP-Loss 2455000 0.01803186 0.024999717
QP-Loss 2456000 0.01803186 0.024999717
QP-Loss 2457000 0.01803186 0.024999717
QP-Loss 2458000 0.01803186 0.024999717
QP-Loss 2459000 0.01803186 0.024999717
QP-Loss 2460000 0.01803186 0.024999717
QP-Loss 2461000 0.01803186 0.024999717
QP-Loss 2462000 0.01803186 0.024999717
QP-Loss 2463000 0.01803186 0.024999717
QP-Loss 2464000 0.01803186 0.024999717
QP-Loss 2465000 0.01803186 0.024999717
QP-Loss 2466000 0.01803186 0.024999717
QP-Loss 2467000 0.01803186 0.024999717
QP-Loss 2468000 0.01803186 0.024999717
QP-Loss 2469000 0.01803186 0.024999717
QP-Loss 2470000 0.01803186 0.024999717
QP-Loss 2471000 0.01803186 0.024999717
QP-Loss 2472000 0.01803186 0.024999717
QP-Loss 2473000 0.01803186 0.024999717
QP-Loss 2474000 0.01803186 0.024999717
QP-Loss 2475000 0.01803186 0.024999717
QP-Loss 2476000 0.01803186 0.024999717
QP-Loss 2477000 0.01803186 0.024999717
QP-Loss 2478000 0.01803186 0.024999717
QP-Loss 2479000 0.01803186 0.024999717
QP-Loss 2480000 0.01803186 0.024999717
QP-Loss 2481000 0.01803186 0.024999717
QP-Loss 2482000 0.01803186 0.024999717
QP-Loss 2483000 0.01803186 0.024999717
QP-Loss 2484000 0.01803186 0.024999717
QP-Loss 2485000 0.01803186 0.024999717
QP-Loss 2486000 0.01803186 0.024999717
QP-Loss 2487000 0.01803186 0.024999717
QP-Loss 2488000 0.01803186 0.024999717
QP-Loss 2489000 0.01803186 0.024999717
QP-Loss 2490000 0.01803186 0.024999717
QP-Loss 2491000 0.01803186 0.024999717
QP-Loss 2492000 0.01803186 0.024999717
QP-Loss 2493000 0.01803186 0.024999717
QP-Loss 2494000 0.01803186 0.024999717
QP-Loss 2495000 0.01803186 0.024999717
QP-Loss 2496000 0.01803186 0.024999717
QP-Loss 2497000 0.01803186 0.024999717
QP-Loss 2498000 0.01803186 0.024999717
QP-Loss 2499000 0.01803186 0.024999717
QP-Loss 2500000 0.01803186 0.024999717
AMN output shapes for PoutV, SV, PinV, Vpos, V, outputs (24, 624) (24, 1) (24, 1) (24, 1) (24, 624) (24, 1875)
R2 = -0.46 (+/- 0.00) Constraint = 0.02 (+/- 0.02)
Loss Constrained Targets 0.001093377
Loss SV 0.008468819
Loss Vin bound 8.450545e-07
Loss V positive 0.0
Time elapsed:  13:44:46.376808
