Exchanges:  {'EX_cpd00067_e0_o': 21.753473, 'EX_cpd00007_e0_o': 111.932184, 'EX_cpd00048_e0_i': 0.351318, 'EX_cpd00001_e0_i': 95.59228, 'EX_cpd00013_e0_i': 15.547783, 'EX_cpd11632_e0_i': 909.497991, 'EX_cpd00011_e0_i': 109.265404, 'EX_cpd00009_e0_i': 5.520706, 'EX_cpd00099_e0_i': 0.0}
[Init] V0_init=-2: unscored reactions left at 0 (no mean/2 imputation)

[Init] Injecting 9 exchange flux ceilings into V0...
-> Successfully replaced 9 matrix columns.

[Init] media chain: set 39 columns from media_chain_init.tsv
-> [Init] Successfully forced 'bio1' initialization to 0.0
[EarlyStop] patience_limit=500  min_delta=0.001
QP-Loss 1000 2018.731 1763.9012
QP-Loss 2000 1073.5116 809.30615
QP-Loss 3000 685.7557 455.04953
QP-Loss 4000 492.68735 294.8338
QP-Loss 5000 381.12338 208.18816
QP-Loss 6000 310.15775 156.46837
QP-Loss 7000 261.60312 123.13553
QP-Loss 8000 226.5815 100.793106
QP-Loss 9000 200.30455 85.01158
QP-Loss 10000 179.81377 73.43753
QP-Loss 11000 163.30762 64.610855
QP-Loss 12000 149.66783 57.729992
QP-Loss 13000 138.19719 52.23664
QP-Loss 14000 128.39763 47.775845
QP-Loss 15000 119.91504 44.131924
QP-Loss 16000 112.48684 41.088104
QP-Loss 17000 105.976135 38.585453
QP-Loss 18000 100.190636 36.444054
QP-Loss 19000 94.997826 34.58101
QP-Loss 20000 90.30243 32.938625
QP-Loss 21000 86.05786 31.47892
QP-Loss 22000 82.18316 30.171276
QP-Loss 23000 78.62406 28.987232
QP-Loss 24000 75.33994 27.903156
QP-Loss 25000 72.29444 26.8983
QP-Loss 26000 69.46462 25.962385
QP-Loss 27000 66.82995 25.08808
QP-Loss 28000 64.36062 24.26528
QP-Loss 29000 62.04124 23.484917
QP-Loss 30000 59.859226 22.740952
QP-Loss 31000 57.79839 22.031496
QP-Loss 32000 55.849686 21.347845
QP-Loss 33000 54.00282 20.687202
QP-Loss 34000 52.248104 20.053495
QP-Loss 35000 50.57719 19.44392
QP-Loss 36000 48.98158 18.853697
QP-Loss 37000 47.460667 18.291847
QP-Loss 38000 46.00659 17.751448
QP-Loss 39000 44.61507 17.231169
QP-Loss 40000 43.281357 16.728764
QP-Loss 41000 42.002747 16.241173
QP-Loss 42000 40.77416 15.769682
QP-Loss 43000 39.592575 15.313484
QP-Loss 44000 38.4554 14.871793
QP-Loss 45000 37.35979 14.443789
QP-Loss 46000 36.303814 14.029129
QP-Loss 47000 35.284927 13.626856
QP-Loss 48000 34.301826 13.237029
QP-Loss 49000 33.35192 12.858867
QP-Loss 50000 32.434605 12.492499
QP-Loss 51000 31.547632 12.136222
QP-Loss 52000 30.689997 11.790692
QP-Loss 53000 29.860167 11.455553
QP-Loss 54000 29.057123 11.130346
QP-Loss 55000 28.279745 10.814758
QP-Loss 56000 27.52684 10.508842
QP-Loss 57000 26.797745 10.212203
QP-Loss 58000 26.09134 9.9242735
QP-Loss 59000 25.406416 9.644853
QP-Loss 60000 24.742699 9.3735075
QP-Loss 61000 24.099005 9.110193
QP-Loss 62000 23.474625 8.854983
QP-Loss 63000 22.869085 8.607982
QP-Loss 64000 22.28156 8.368382
QP-Loss 65000 21.711401 8.13596
QP-Loss 66000 21.15785 7.910571
QP-Loss 67000 20.62023 7.6920795
QP-Loss 68000 20.098063 7.48038
QP-Loss 69000 19.590889 7.2752595
QP-Loss 70000 19.098124 7.076566
QP-Loss 71000 18.619547 6.8841386
QP-Loss 72000 18.154526 6.6976995
QP-Loss 73000 17.702673 6.5172524
QP-Loss 74000 17.263577 6.3427496
QP-Loss 75000 16.83697 6.1740313
QP-Loss 76000 16.422653 6.010951
QP-Loss 77000 16.019896 5.8531475
QP-Loss 78000 15.628245 5.7004156
QP-Loss 79000 15.247482 5.5527835
QP-Loss 80000 14.877464 5.4102154
QP-Loss 81000 14.517812 5.2725425
QP-Loss 82000 14.167892 5.1394196
QP-Loss 83000 13.827497 5.0107636
QP-Loss 84000 13.496287 4.8862624
QP-Loss 85000 13.174096 4.766073
QP-Loss 86000 12.860776 4.650113
QP-Loss 87000 12.555928 4.53797
QP-Loss 88000 12.259112 4.4294415
QP-Loss 89000 11.970447 4.324989
QP-Loss 90000 11.689557 4.224302
QP-Loss 91000 11.416321 4.127239
QP-Loss 92000 11.150398 4.0335736
QP-Loss 93000 10.891476 3.943259
QP-Loss 94000 10.639569 3.8562276
QP-Loss 95000 10.393963 3.77178
QP-Loss 96000 10.155367 3.6909366
QP-Loss 97000 9.923114 3.6132731
QP-Loss 98000 9.696892 3.5384083
QP-Loss 99000 9.47651 3.4662108
QP-Loss 100000 9.26179 3.3963652
QP-Loss 101000 9.052676 3.3291893
QP-Loss 102000 8.8491535 3.2645597
QP-Loss 103000 8.651084 3.2022803
QP-Loss 104000 8.458093 3.1422133
QP-Loss 105000 8.269981 3.0841753
QP-Loss 106000 8.0867195 3.028195
QP-Loss 107000 7.9082246 2.9741597
QP-Loss 108000 7.7342095 2.9217799
QP-Loss 109000 7.5648084 2.8714979
QP-Loss 110000 7.399582 2.8228247
QP-Loss 111000 7.2385926 2.776029
QP-Loss 112000 7.0817237 2.730888
QP-Loss 113000 6.9287033 2.6871674
QP-Loss 114000 6.7794366 2.644928
QP-Loss 115000 6.6338687 2.604062
QP-Loss 116000 6.4921856 2.564877
QP-Loss 117000 6.353953 2.5269625
QP-Loss 118000 6.2191467 2.4902985
QP-Loss 119000 6.087687 2.454831
QP-Loss 120000 5.9594617 2.4205673
QP-Loss 121000 5.83436 2.387407
QP-Loss 122000 5.7124114 2.3553321
QP-Loss 123000 5.5934033 2.3242388
QP-Loss 124000 5.47732 2.2942617
QP-Loss 125000 5.3641434 2.265169
QP-Loss 126000 5.253664 2.2368228
QP-Loss 127000 5.145949 2.2092333
QP-Loss 128000 5.0408664 2.1826406
QP-Loss 129000 4.938373 2.1566515
QP-Loss 130000 4.838372 2.1313043
QP-Loss 131000 4.740778 2.1066015
QP-Loss 132000 4.645689 2.0827584
QP-Loss 133000 4.55283 2.0594578
QP-Loss 134000 4.462218 2.0367498
QP-Loss 135000 4.373776 2.014597
QP-Loss 136000 4.2873683 1.9928368
QP-Loss 137000 4.203106 1.9717499
QP-Loss 138000 4.12083 1.9511449
QP-Loss 139000 4.0403733 1.9308791
QP-Loss 140000 3.9619563 1.9113901
QP-Loss 141000 3.8855133 1.8925565
QP-Loss 142000 3.8108635 1.8740838
QP-Loss 143000 3.737937 1.8559674
QP-Loss 144000 3.6667786 1.8380873
QP-Loss 145000 3.5972445 1.8204887
QP-Loss 146000 3.5292861 1.8032334
QP-Loss 147000 3.4629278 1.7863464
QP-Loss 148000 3.3981354 1.7698263
QP-Loss 149000 3.3349009 1.7537355
QP-Loss 150000 3.2731464 1.7379783
QP-Loss 151000 3.212863 1.7225103
QP-Loss 152000 3.1539066 1.7072186
QP-Loss 153000 3.096328 1.6921394
QP-Loss 154000 3.0400782 1.6772125
QP-Loss 155000 2.9850895 1.6624646
QP-Loss 156000 2.931296 1.6479474
QP-Loss 157000 2.8787193 1.6337072
QP-Loss 158000 2.827404 1.619881
QP-Loss 159000 2.7772007 1.6062367
QP-Loss 160000 2.7281058 1.5927323
QP-Loss 161000 2.6800659 1.5793355
QP-Loss 162000 2.633129 1.5660912
QP-Loss 163000 2.5873497 1.5530208
QP-Loss 164000 2.542576 1.5400347
QP-Loss 165000 2.4987297 1.5271105
QP-Loss 166000 2.4559076 1.51449
QP-Loss 167000 2.4140255 1.5021005
QP-Loss 168000 2.3730717 1.4898722
QP-Loss 169000 2.3330095 1.4778126
QP-Loss 170000 2.2937982 1.465837
QP-Loss 171000 2.255415 1.4539158
QP-Loss 172000 2.2178714 1.442116
QP-Loss 173000 2.1811142 1.4303985
QP-Loss 174000 2.145108 1.4187438
QP-Loss 175000 2.1098788 1.4072311
QP-Loss 176000 2.075415 1.3959132
QP-Loss 177000 2.0417466 1.384864
QP-Loss 178000 2.0088043 1.3739098
QP-Loss 179000 1.9765333 1.3629912
QP-Loss 180000 1.944942 1.3521415
QP-Loss 181000 1.914029 1.3414176
QP-Loss 182000 1.8837352 1.330744
QP-Loss 183000 1.8540586 1.3201358
QP-Loss 184000 1.8249508 1.3095719
QP-Loss 185000 1.7964296 1.2991612
QP-Loss 186000 1.768507 1.2887954
QP-Loss 187000 1.741208 1.2786281
QP-Loss 188000 1.7145096 1.2686124
QP-Loss 189000 1.6883444 1.2586447
QP-Loss 190000 1.6627035 1.2487116
QP-Loss 191000 1.6375523 1.2387987
QP-Loss 192000 1.612904 1.2289644
QP-Loss 193000 1.5887645 1.2192252
QP-Loss 194000 1.5650889 1.2095329
QP-Loss 195000 1.5419121 1.1999844
QP-Loss 196000 1.5191983 1.1904756
QP-Loss 197000 1.4969506 1.1810193
QP-Loss 198000 1.4751877 1.1717116
QP-Loss 199000 1.4538689 1.1625625
QP-Loss 200000 1.4329281 1.1534446
QP-Loss 201000 1.4123634 1.1443437
QP-Loss 202000 1.392167 1.1352627
QP-Loss 203000 1.3723754 1.1262238
QP-Loss 204000 1.3529841 1.1172217
QP-Loss 205000 1.3340216 1.1084212
QP-Loss 206000 1.315442 1.0997415
QP-Loss 207000 1.2971822 1.0910733
QP-Loss 208000 1.2792351 1.082426
QP-Loss 209000 1.2615999 1.0738245
QP-Loss 210000 1.2443242 1.0653434
QP-Loss 211000 1.2274017 1.0569726
QP-Loss 212000 1.2108154 1.048677
QP-Loss 213000 1.1945196 1.0404024
QP-Loss 214000 1.1785039 1.0321482
QP-Loss 215000 1.1627631 1.0239147
QP-Loss 216000 1.1473268 1.0157609
QP-Loss 217000 1.1321939 1.0077142
QP-Loss 218000 1.1173359 0.99970186
QP-Loss 219000 1.1027597 0.9917819
QP-Loss 220000 1.0884439 0.98391294
QP-Loss 221000 1.0743731 0.9760748
QP-Loss 222000 1.0605812 0.96835536
QP-Loss 223000 1.0470346 0.9606755
QP-Loss 224000 1.033721 0.9530167
QP-Loss 225000 1.0206846 0.94547784
QP-Loss 226000 1.0078764 0.9380001
QP-Loss 227000 0.995279 0.930539
QP-Loss 228000 0.98290867 0.9231461
QP-Loss 229000 0.97076064 0.9158389
QP-Loss 230000 0.95880765 0.90857303
QP-Loss 231000 0.947047 0.9013357
QP-Loss 232000 0.9354887 0.89413095
QP-Loss 233000 0.924141 0.8869941
QP-Loss 234000 0.9129967 0.8799388
QP-Loss 235000 0.90206003 0.8730069
QP-Loss 236000 0.8913011 0.86612797
QP-Loss 237000 0.8807247 0.85929286
QP-Loss 238000 0.8703268 0.85248315
QP-Loss 239000 0.8601007 0.8456939
QP-Loss 240000 0.85004157 0.8389344
QP-Loss 241000 0.84018946 0.8323024
QP-Loss 242000 0.8305128 0.8257282
QP-Loss 243000 0.8209729 0.8191746
QP-Loss 244000 0.81157905 0.8126817
QP-Loss 245000 0.8023309 0.80622196
QP-Loss 246000 0.793226 0.7997902
QP-Loss 247000 0.7842563 0.7933825
QP-Loss 248000 0.7754286 0.7870163
QP-Loss 249000 0.76678306 0.7807872
QP-Loss 250000 0.7582781 0.77461815
QP-Loss 251000 0.74989814 0.7684861
QP-Loss 252000 0.74164134 0.76239765
QP-Loss 253000 0.733519 0.756377
QP-Loss 254000 0.7255101 0.7503901
QP-Loss 255000 0.71763855 0.74451905
QP-Loss 256000 0.7098866 0.73867273
QP-Loss 257000 0.7022457 0.73284554
QP-Loss 258000 0.69472533 0.72703636
QP-Loss 259000 0.6873314 0.7212729
QP-Loss 260000 0.6800566 0.71556616
QP-Loss 261000 0.67288613 0.70988595
QP-Loss 262000 0.66583294 0.7042601
QP-Loss 263000 0.6588951 0.69871765
QP-Loss 264000 0.6520576 0.6932322
QP-Loss 265000 0.6453234 0.6877714
QP-Loss 266000 0.63869625 0.68237245
QP-Loss 267000 0.63216585 0.67700595
QP-Loss 268000 0.6257499 0.67171216
QP-Loss 269000 0.6194236 0.6664498
QP-Loss 270000 0.6131967 0.6612477
QP-Loss 271000 0.60705847 0.6560886
QP-Loss 272000 0.60100925 0.65095335
QP-Loss 273000 0.59503865 0.6458611
QP-Loss 274000 0.5891473 0.6408118
QP-Loss 275000 0.58333015 0.6357779
QP-Loss 276000 0.5775905 0.6307805
QP-Loss 277000 0.5719374 0.62583077
QP-Loss 278000 0.56636554 0.62092084
QP-Loss 279000 0.5608818 0.6160777
QP-Loss 280000 0.5554753 0.61126375
QP-Loss 281000 0.55016315 0.6065245
QP-Loss 282000 0.54492015 0.6018201
QP-Loss 283000 0.53975385 0.59717435
QP-Loss 284000 0.5346649 0.5925477
QP-Loss 285000 0.5296504 0.58796483
QP-Loss 286000 0.5247045 0.5834159
QP-Loss 287000 0.51981825 0.578886
QP-Loss 288000 0.5149962 0.574375
QP-Loss 289000 0.5102484 0.5699412
QP-Loss 290000 0.505559 0.5655486
QP-Loss 291000 0.5009312 0.561203
QP-Loss 292000 0.49637237 0.55689424
QP-Loss 293000 0.4918795 0.55261254
QP-Loss 294000 0.487439 0.5483516
QP-Loss 295000 0.4830618 0.5441407
QP-Loss 296000 0.47873607 0.5399548
QP-Loss 297000 0.47447896 0.5358203
QP-Loss 298000 0.4702781 0.5317246
QP-Loss 299000 0.466126 0.52765006
QP-Loss 300000 0.46203992 0.5236527
QP-Loss 301000 0.45800173 0.5196868
QP-Loss 302000 0.4540054 0.5157387
QP-Loss 303000 0.4500556 0.5118086
QP-Loss 304000 0.44614887 0.50789785
QP-Loss 305000 0.4423031 0.5040376
QP-Loss 306000 0.4385194 0.5002395
QP-Loss 307000 0.4347868 0.49647123
QP-Loss 308000 0.43109775 0.4927226
QP-Loss 309000 0.42745724 0.48901972
QP-Loss 310000 0.42387235 0.4853788
QP-Loss 311000 0.42032835 0.48175552
QP-Loss 312000 0.416822 0.47815186
QP-Loss 313000 0.41335416 0.47456357
QP-Loss 314000 0.4099258 0.47098964
QP-Loss 315000 0.40654612 0.46747172
QP-Loss 316000 0.4032191 0.46400094
QP-Loss 317000 0.39992902 0.4605482
QP-Loss 318000 0.39667144 0.45712024
QP-Loss 319000 0.3934592 0.45373195
QP-Loss 320000 0.39029005 0.45037976
QP-Loss 321000 0.38715756 0.447052
QP-Loss 322000 0.38406053 0.44374084
QP-Loss 323000 0.38099444 0.44044656
QP-Loss 324000 0.3779635 0.4371816
QP-Loss 325000 0.37497225 0.43395254
QP-Loss 326000 0.3720198 0.43077075
QP-Loss 327000 0.36909404 0.42760453
QP-Loss 328000 0.3662014 0.42447045
QP-Loss 329000 0.36334124 0.4213647
QP-Loss 330000 0.36050853 0.41827565
QP-Loss 331000 0.35770392 0.41520166
QP-Loss 332000 0.3549428 0.41216868
QP-Loss 333000 0.35221824 0.40916523
QP-Loss 334000 0.34953034 0.4062003
QP-Loss 335000 0.34687242 0.4032594
QP-Loss 336000 0.344241 0.40033242
QP-Loss 337000 0.34163713 0.3974192
QP-Loss 338000 0.33907238 0.39455506
QP-Loss 339000 0.33654284 0.39173412
QP-Loss 340000 0.33403817 0.38892627
QP-Loss 341000 0.33155668 0.38612917
QP-Loss 342000 0.32909763 0.3833445
QP-Loss 343000 0.32666126 0.3805719
QP-Loss 344000 0.3242596 0.3778518
QP-Loss 345000 0.32188746 0.37516686
QP-Loss 346000 0.31953686 0.37249485
QP-Loss 347000 0.31720737 0.36983445
QP-Loss 348000 0.3148969 0.36718574
QP-Loss 349000 0.31261322 0.36456966
QP-Loss 350000 0.31036362 0.36200812
QP-Loss 351000 0.30813333 0.35945743
QP-Loss 352000 0.3059246 0.35691714
QP-Loss 353000 0.3037364 0.3543878
QP-Loss 354000 0.30156812 0.3518695
QP-Loss 355000 0.29942307 0.3493789
QP-Loss 356000 0.29730293 0.34692195
QP-Loss 357000 0.29520866 0.34449747
QP-Loss 358000 0.2931385 0.34208933
QP-Loss 359000 0.29108623 0.33969253
QP-Loss 360000 0.28905192 0.33730668
QP-Loss 361000 0.28704336 0.334954
QP-Loss 362000 0.28506252 0.33264285
QP-Loss 363000 0.28309992 0.33034933
QP-Loss 364000 0.281152 0.32806605
QP-Loss 365000 0.27921984 0.32579377
QP-Loss 366000 0.27730367 0.32353374
QP-Loss 367000 0.2754139 0.32130998
QP-Loss 368000 0.27354065 0.3190974
QP-Loss 369000 0.27168146 0.31689337
QP-Loss 370000 0.26983842 0.31469882
QP-Loss 371000 0.2680217 0.31252098
QP-Loss 372000 0.26622614 0.31037155
QP-Loss 373000 0.2644446 0.30823496
QP-Loss 374000 0.26268688 0.3061348
QP-Loss 375000 0.26094222 0.30404392
QP-Loss 376000 0.259211 0.3019643
QP-Loss 377000 0.25750223 0.29991922
QP-Loss 378000 0.25580752 0.29788473
QP-Loss 379000 0.25413376 0.2958754
QP-Loss 380000 0.25247818 0.29388687
QP-Loss 381000 0.2508354 0.29190537
QP-Loss 382000 0.24920426 0.28993216
QP-Loss 383000 0.24758644 0.28796792
QP-Loss 384000 0.24598236 0.28601167
QP-Loss 385000 0.24439287 0.2840608
QP-Loss 386000 0.24282046 0.28213647
QP-Loss 387000 0.24126919 0.28024718
QP-Loss 388000 0.23973286 0.27836943
QP-Loss 389000 0.23820774 0.27650037
QP-Loss 390000 0.23669362 0.27464104
QP-Loss 391000 0.23519488 0.27280295
QP-Loss 392000 0.23371351 0.27099586
QP-Loss 393000 0.23224825 0.26921657
QP-Loss 394000 0.23079373 0.26744536
QP-Loss 395000 0.22935177 0.26568055
QP-Loss 396000 0.22791976 0.26392272
QP-Loss 397000 0.22649737 0.2621725
QP-Loss 398000 0.22508465 0.2604302
QP-Loss 399000 0.22368354 0.25869638
QP-Loss 400000 0.22229822 0.2569797
QP-Loss 401000 0.22093785 0.25530466
QP-Loss 402000 0.2195927 0.25365353
QP-Loss 403000 0.21825589 0.2520097
QP-Loss 404000 0.21692862 0.2503743
QP-Loss 405000 0.21561109 0.24874681
QP-Loss 406000 0.2143083 0.24714293
QP-Loss 407000 0.21302606 0.24557303
QP-Loss 408000 0.21175532 0.24401392
QP-Loss 409000 0.21049477 0.24246065
QP-Loss 410000 0.20924288 0.24091466
QP-Loss 411000 0.20799954 0.2393747
QP-Loss 412000 0.20676427 0.23784237
QP-Loss 413000 0.20553738 0.23631598
QP-Loss 414000 0.20431964 0.23479736
QP-Loss 415000 0.20311786 0.23330806
QP-Loss 416000 0.2019253 0.23182644
QP-Loss 417000 0.2007403 0.23035158
QP-Loss 418000 0.19956346 0.22888494
QP-Loss 419000 0.19839902 0.22743985
QP-Loss 420000 0.19724733 0.22601803
QP-Loss 421000 0.19610727 0.22461563
QP-Loss 422000 0.19497542 0.22321963
QP-Loss 423000 0.1938519 0.22183119
QP-Loss 424000 0.19274311 0.2204659
QP-Loss 425000 0.19164471 0.21911255
QP-Loss 426000 0.1905539 0.21776493
QP-Loss 427000 0.18946995 0.2164225
QP-Loss 428000 0.18839292 0.21508579
QP-Loss 429000 0.18732281 0.21375485
QP-Loss 430000 0.18626072 0.21243206
QP-Loss 431000 0.18521215 0.21113302
QP-Loss 432000 0.18417072 0.20983939
QP-Loss 433000 0.18313628 0.20855084
QP-Loss 434000 0.18210949 0.20726798
QP-Loss 435000 0.18108983 0.20599127
QP-Loss 436000 0.18008454 0.20473987
QP-Loss 437000 0.179089 0.20350283
QP-Loss 438000 0.17810297 0.2022826
QP-Loss 439000 0.17712295 0.20106745
QP-Loss 440000 0.17614853 0.19985783
QP-Loss 441000 0.17518067 0.1986541
QP-Loss 442000 0.17422378 0.19746861
QP-Loss 443000 0.17327426 0.19629435
QP-Loss 444000 0.17233033 0.19512647
QP-Loss 445000 0.17139602 0.1939675
QP-Loss 446000 0.17047004 0.19281395
QP-Loss 447000 0.16955127 0.19166641
QP-Loss 448000 0.16864483 0.19054304
QP-Loss 449000 0.16774349 0.18942446
QP-Loss 450000 0.16684757 0.1883105
QP-Loss 451000 0.16595715 0.18720143
QP-Loss 452000 0.16507201 0.18609865
QP-Loss 453000 0.16419803 0.18501866
QP-Loss 454000 0.16332956 0.18394278
QP-Loss 455000 0.16246657 0.18287152
QP-Loss 456000 0.16160992 0.18180533
QP-Loss 457000 0.1607609 0.18075275
QP-Loss 458000 0.15991972 0.17971367
QP-Loss 459000 0.15908422 0.17867842
QP-Loss 460000 0.15825397 0.17764686
QP-Loss 461000 0.15742837 0.17661929
QP-Loss 462000 0.15661202 0.17561062
QP-Loss 463000 0.15580203 0.17460929
QP-Loss 464000 0.15499745 0.17361256
QP-Loss 465000 0.15419811 0.17262018
QP-Loss 466000 0.15340748 0.1716416
QP-Loss 467000 0.15262589 0.17067528
QP-Loss 468000 0.15184973 0.16971394
QP-Loss 469000 0.15107828 0.1687571
QP-Loss 470000 0.15031148 0.16780432
QP-Loss 471000 0.14955296 0.1668674
QP-Loss 472000 0.14880134 0.165939
QP-Loss 473000 0.14805406 0.16501431
QP-Loss 474000 0.14731146 0.1640928
QP-Loss 475000 0.14657263 0.16317439
QP-Loss 476000 0.14583762 0.16225918
QP-Loss 477000 0.14510603 0.16134794
QP-Loss 478000 0.14437829 0.16044086
QP-Loss 479000 0.14365476 0.15953772
QP-Loss 480000 0.14293918 0.1586513
QP-Loss 481000 0.14222914 0.15777199
QP-Loss 482000 0.1415239 0.15689681
QP-Loss 483000 0.14082284 0.15602547
QP-Loss 484000 0.14012623 0.15516032
QP-Loss 485000 0.13943736 0.15431136
QP-Loss 486000 0.1387527 0.15346557
QP-Loss 487000 0.13807693 0.15263788
QP-Loss 488000 0.13740504 0.15181552
QP-Loss 489000 0.13673653 0.15099657
QP-Loss 490000 0.13607119 0.15018079
QP-Loss 491000 0.13541089 0.1493714
QP-Loss 492000 0.13475838 0.14857852
QP-Loss 493000 0.1341094 0.14778906
QP-Loss 494000 0.13346392 0.14700279
QP-Loss 495000 0.13282211 0.1462194
QP-Loss 496000 0.1321838 0.1454392
QP-Loss 497000 0.13154902 0.1446621
QP-Loss 498000 0.1309179 0.14388865
QP-Loss 499000 0.13029519 0.14312626
QP-Loss 500000 0.12968163 0.14237492
QP-Loss 501000 0.1290711 0.14162712
QP-Loss 502000 0.12846407 0.14088206
QP-Loss 503000 0.12786078 0.14014004
QP-Loss 504000 0.1272612 0.13940148
QP-Loss 505000 0.1266644 0.13866615
QP-Loss 506000 0.12607028 0.13793379
QP-Loss 507000 0.12548257 0.1372141
QP-Loss 508000 0.12489874 0.13650046
QP-Loss 509000 0.1243181 0.13578998
QP-Loss 510000 0.12374417 0.13509093
QP-Loss 511000 0.12318027 0.13441333
QP-Loss 512000 0.12261958 0.1337393
QP-Loss 513000 0.122062676 0.13306864
QP-Loss 514000 0.121509224 0.13240099
QP-Loss 515000 0.12096346 0.13175035
QP-Loss 516000 0.12042022 0.13110255
QP-Loss 517000 0.11987988 0.13045733
QP-Loss 518000 0.119342424 0.12981471
QP-Loss 519000 0.11880783 0.12917435
QP-Loss 520000 0.11827594 0.1285371
QP-Loss 521000 0.117747255 0.12790303
QP-Loss 522000 0.11722213 0.12727152
QP-Loss 523000 0.11670015 0.12664229
QP-Loss 524000 0.11618092 0.12601529
QP-Loss 525000 0.115664184 0.12539093
QP-Loss 526000 0.115150094 0.12476956
QP-Loss 527000 0.114638984 0.12415082
QP-Loss 528000 0.114130914 0.1235346
QP-Loss 529000 0.113625586 0.12292115
QP-Loss 530000 0.11312282 0.12231008
QP-Loss 531000 0.11262242 0.12170143
QP-Loss 532000 0.1121246 0.12109515
QP-Loss 533000 0.111629345 0.12049125
QP-Loss 534000 0.111136444 0.11989019
QP-Loss 535000 0.11064825 0.11929788
QP-Loss 536000 0.11016331 0.1187105
QP-Loss 537000 0.10968539 0.11813908
QP-Loss 538000 0.10921073 0.117571965
QP-Loss 539000 0.108739376 0.11700966
QP-Loss 540000 0.108272396 0.11645583
QP-Loss 541000 0.10781148 0.11591573
QP-Loss 542000 0.107354194 0.11538189
QP-Loss 543000 0.10689888 0.11485008
QP-Loss 544000 0.10644602 0.11432022
QP-Loss 545000 0.10599536 0.1137921
QP-Loss 546000 0.10554669 0.11326594
QP-Loss 547000 0.105100065 0.11274184
QP-Loss 548000 0.1046561 0.11221947
QP-Loss 549000 0.104214795 0.11169862
QP-Loss 550000 0.103776135 0.11117939
QP-Loss 551000 0.10333955 0.11066211
QP-Loss 552000 0.10290521 0.11014683
QP-Loss 553000 0.10247311 0.10963315
QP-Loss 554000 0.10204268 0.10912138
QP-Loss 555000 0.101614445 0.10861142
QP-Loss 556000 0.10118816 0.1081033
QP-Loss 557000 0.10076388 0.10759755
QP-Loss 558000 0.10034182 0.10709421
QP-Loss 559000 0.099921994 0.10659288
QP-Loss 560000 0.09950429 0.10609341
QP-Loss 561000 0.099088766 0.10559664
QP-Loss 562000 0.09867551 0.105101496
QP-Loss 563000 0.09826398 0.10460811
QP-Loss 564000 0.09785557 0.104121074
QP-Loss 565000 0.09745153 0.10364298
QP-Loss 566000 0.09704966 0.10316729
QP-Loss 567000 0.096652985 0.10270265
QP-Loss 568000 0.09626049 0.10224533
QP-Loss 569000 0.09587279 0.101798095
QP-Loss 570000 0.095486976 0.10135263
QP-Loss 571000 0.095105864 0.10091719
QP-Loss 572000 0.09472733 0.10048497
QP-Loss 573000 0.09435067 0.10005455
QP-Loss 574000 0.09397581 0.09962602
QP-Loss 575000 0.09360272 0.099199496
QP-Loss 576000 0.09323128 0.09877459
QP-Loss 577000 0.09286153 0.098351724
QP-Loss 578000 0.09249351 0.097930595
QP-Loss 579000 0.09212717 0.097511716
QP-Loss 580000 0.091762505 0.09709433
QP-Loss 581000 0.09140239 0.09667741
QP-Loss 582000 0.09104606 0.096261196
QP-Loss 583000 0.09069171 0.09584713
QP-Loss 584000 0.09033906 0.095434725
QP-Loss 585000 0.08998775 0.09502379
QP-Loss 586000 0.0896379 0.0946145
QP-Loss 587000 0.089289464 0.09420677
QP-Loss 588000 0.08894303 0.0938005
QP-Loss 589000 0.08859795 0.09339574
QP-Loss 590000 0.088254504 0.09299275
QP-Loss 591000 0.08791286 0.09259165
QP-Loss 592000 0.0875731 0.092191815
QP-Loss 593000 0.08723479 0.091793746
QP-Loss 594000 0.086899556 0.0914019
QP-Loss 595000 0.08656758 0.09101644
QP-Loss 596000 0.08623767 0.09063235
QP-Loss 597000 0.085909404 0.09024962
QP-Loss 598000 0.0855839 0.089872114
QP-Loss 599000 0.08526192 0.0895017
QP-Loss 600000 0.08494163 0.08913241
QP-Loss 601000 0.08462289 0.08876439
QP-Loss 602000 0.084305845 0.08839802
QP-Loss 603000 0.08399025 0.088032745
QP-Loss 604000 0.08367658 0.08767018
QP-Loss 605000 0.08336663 0.08731617
QP-Loss 606000 0.08305795 0.08696345
QP-Loss 607000 0.08275043 0.08661217
QP-Loss 608000 0.08244557 0.086266465
QP-Loss 609000 0.082143426 0.085926026
QP-Loss 610000 0.081842594 0.08558716
QP-Loss 611000 0.081543095 0.08524973
QP-Loss 612000 0.081244774 0.08491351
QP-Loss 613000 0.080947794 0.08457845
QP-Loss 614000 0.08065199 0.08424472
QP-Loss 615000 0.08035735 0.083912134
QP-Loss 616000 0.08006418 0.08358077
QP-Loss 617000 0.079772234 0.08325064
QP-Loss 618000 0.079481706 0.082921736
QP-Loss 619000 0.079192266 0.08259422
QP-Loss 620000 0.078903906 0.08226813
QP-Loss 621000 0.07861672 0.08194323
QP-Loss 622000 0.07833079 0.081619374
QP-Loss 623000 0.078045845 0.08129614
QP-Loss 624000 0.07776204 0.08097392
QP-Loss 625000 0.0774797 0.080653794
QP-Loss 626000 0.077198744 0.08033483
QP-Loss 627000 0.07691926 0.08001676
QP-Loss 628000 0.07664126 0.07969965
QP-Loss 629000 0.076364934 0.07938348
QP-Loss 630000 0.07608983 0.0790684
QP-Loss 631000 0.07581591 0.07875467
QP-Loss 632000 0.0755454 0.07844777
QP-Loss 633000 0.07527726 0.07814492
QP-Loss 634000 0.07501016 0.077843145
QP-Loss 635000 0.07474423 0.07754276
QP-Loss 636000 0.07448214 0.07725157
QP-Loss 637000 0.07422113 0.07696132
QP-Loss 638000 0.07396104 0.07667211
QP-Loss 639000 0.073702045 0.076383814
QP-Loss 640000 0.07344411 0.07609655
QP-Loss 641000 0.07318713 0.075810224
QP-Loss 642000 0.07293912 0.07553711
QP-Loss 643000 0.072692454 0.075265124
QP-Loss 644000 0.072446905 0.07499384
QP-Loss 645000 0.07220236 0.07472312
QP-Loss 646000 0.0719586 0.074452855
QP-Loss 647000 0.0717157 0.07418308
QP-Loss 648000 0.07147378 0.07391418
QP-Loss 649000 0.07123245 0.073645376
QP-Loss 650000 0.070992164 0.07337709
QP-Loss 651000 0.07075263 0.073109396
QP-Loss 652000 0.07051448 0.07284388
QP-Loss 653000 0.07027823 0.072582014
QP-Loss 654000 0.070042856 0.07232082
QP-Loss 655000 0.06980844 0.07206043
QP-Loss 656000 0.06957474 0.07180074
QP-Loss 657000 0.06934222 0.07154232
QP-Loss 658000 0.069111615 0.07128774
QP-Loss 659000 0.06888191 0.07103394
QP-Loss 660000 0.06865301 0.070780694
QP-Loss 661000 0.06842514 0.070528254
QP-Loss 662000 0.06819811 0.0702764
QP-Loss 663000 0.06797179 0.07002517
QP-Loss 664000 0.06774623 0.06977446
QP-Loss 665000 0.067521416 0.06952423
QP-Loss 666000 0.06729741 0.06927448
QP-Loss 667000 0.06707414 0.0690253
QP-Loss 668000 0.066851705 0.068776734
QP-Loss 669000 0.066629894 0.06852871
QP-Loss 670000 0.06640876 0.06828112
QP-Loss 671000 0.066188455 0.06803424
QP-Loss 672000 0.065968804 0.06778787
QP-Loss 673000 0.06574992 0.067542024
QP-Loss 674000 0.06553179 0.067296624
QP-Loss 675000 0.06531437 0.067051984
QP-Loss 676000 0.06509767 0.06680788
QP-Loss 677000 0.064881824 0.0665649
QP-Loss 678000 0.06466671 0.06632259
QP-Loss 679000 0.06445228 0.06608088
QP-Loss 680000 0.06423853 0.06583996
QP-Loss 681000 0.06402566 0.06560001
QP-Loss 682000 0.06381366 0.06536085
QP-Loss 683000 0.063602336 0.06512234
QP-Loss 684000 0.06339165 0.06488433
QP-Loss 685000 0.06318163 0.06464687
QP-Loss 686000 0.06297222 0.064409964
QP-Loss 687000 0.062763296 0.06417334
QP-Loss 688000 0.062555075 0.063937105
QP-Loss 689000 0.062347513 0.063701354
QP-Loss 690000 0.062141433 0.06346877
QP-Loss 691000 0.061938137 0.063242875
QP-Loss 692000 0.06173579 0.063017465
QP-Loss 693000 0.061534345 0.0627927
QP-Loss 694000 0.061333496 0.06256845
QP-Loss 695000 0.06113329 0.062344853
QP-Loss 696000 0.060933594 0.06212174
QP-Loss 697000 0.06073448 0.061899133
QP-Loss 698000 0.06053592 0.06167718
QP-Loss 699000 0.060337976 0.061455704
QP-Loss 700000 0.06014065 0.061234683
QP-Loss 701000 0.059944082 0.061014157
QP-Loss 702000 0.059748184 0.060794126
QP-Loss 703000 0.059554946 0.060580388
QP-Loss 704000 0.05936393 0.060371894
QP-Loss 705000 0.059173662 0.06016422
QP-Loss 706000 0.058984075 0.059956897
QP-Loss 707000 0.058795083 0.05974995
QP-Loss 708000 0.05860674 0.05954355
QP-Loss 709000 0.058419045 0.0593378
QP-Loss 710000 0.058232162 0.05913242
QP-Loss 711000 0.058045864 0.058927532
QP-Loss 712000 0.057860147 0.058723047
QP-Loss 713000 0.057675015 0.05851909
QP-Loss 714000 0.057490397 0.058315676
QP-Loss 715000 0.057306275 0.05811266
QP-Loss 716000 0.057122707 0.05791007
QP-Loss 717000 0.056939643 0.05770786
QP-Loss 718000 0.056757078 0.057506043
QP-Loss 719000 0.056575265 0.05730469
QP-Loss 720000 0.056394126 0.057103977
QP-Loss 721000 0.05621363 0.05690376
QP-Loss 722000 0.05603374 0.05670408
QP-Loss 723000 0.055854484 0.056504965
QP-Loss 724000 0.05567586 0.056306235
QP-Loss 725000 0.055497754 0.05610793
QP-Loss 726000 0.055320174 0.055910032
QP-Loss 727000 0.0551431 0.05571252
QP-Loss 728000 0.05496654 0.05551541
QP-Loss 729000 0.05479054 0.05531878
QP-Loss 730000 0.05461509 0.055122666
QP-Loss 731000 0.05444014 0.05492689
QP-Loss 732000 0.05426602 0.054732576
QP-Loss 733000 0.054092553 0.05453878
QP-Loss 734000 0.0539197 0.05434544
QP-Loss 735000 0.05374731 0.054152533
QP-Loss 736000 0.053575773 0.0539607
QP-Loss 737000 0.053405285 0.053769805
QP-Loss 738000 0.05323572 0.053579602
QP-Loss 739000 0.053067375 0.053391416
QP-Loss 740000 0.052899707 0.053203933
QP-Loss 741000 0.052732706 0.05301722
QP-Loss 742000 0.05256695 0.05283296
QP-Loss 743000 0.05240205 0.052650128
QP-Loss 744000 0.052237943 0.052467782
QP-Loss 745000 0.052074645 0.052286204
QP-Loss 746000 0.051911756 0.052105
QP-Loss 747000 0.0517493 0.05192422
QP-Loss 748000 0.05158737 0.051743872
QP-Loss 749000 0.051425982 0.051564112
QP-Loss 750000 0.051265046 0.051384732
QP-Loss 751000 0.051104534 0.051205713
QP-Loss 752000 0.05094448 0.051027175
QP-Loss 753000 0.050784886 0.050848972
QP-Loss 754000 0.050625723 0.05067119
QP-Loss 755000 0.05046768 0.050495736
QP-Loss 756000 0.05031051 0.0503217
QP-Loss 757000 0.05015384 0.050148137
QP-Loss 758000 0.04999763 0.04997498
QP-Loss 759000 0.04984182 0.049802214
QP-Loss 760000 0.049686473 0.049629945
QP-Loss 761000 0.049531598 0.049458146
QP-Loss 762000 0.04937738 0.049286686
QP-Loss 763000 0.049223647 0.049115647
QP-Loss 764000 0.049070477 0.04894524
QP-Loss 765000 0.048917722 0.048775293
QP-Loss 766000 0.048765484 0.048605803
QP-Loss 767000 0.048613816 0.048436806
QP-Loss 768000 0.04846256 0.04826821
QP-Loss 769000 0.0483117 0.04809998
QP-Loss 770000 0.048161417 0.047932293
QP-Loss 771000 0.04801159 0.047765147
QP-Loss 772000 0.047862303 0.047598515
QP-Loss 773000 0.047713395 0.047432292
QP-Loss 774000 0.047564957 0.047266487
QP-Loss 775000 0.047416907 0.04710104
QP-Loss 776000 0.047269244 0.04693598
QP-Loss 777000 0.04712212 0.04677139
QP-Loss 778000 0.046975564 0.046607386
QP-Loss 779000 0.04682942 0.04644376
QP-Loss 780000 0.04668383 0.0462806
Step 780000: freezing conditions [1] (losses [0.009528914466500282])
QP-Loss 781000 0.046539526 0.04611724
QP-Loss 782000 0.046395734 0.045954466
QP-Loss 783000 0.046252336 0.04579216
QP-Loss 784000 0.04610936 0.045630194
QP-Loss 785000 0.045966804 0.045468587
QP-Loss 786000 0.045824576 0.04530735
QP-Loss 787000 0.045682892 0.045146402
QP-Loss 788000 0.045541715 0.044985764
QP-Loss 789000 0.045401078 0.044825375
QP-Loss 790000 0.04526092 0.0446653
QP-Loss 791000 0.045121193 0.044505604
QP-Loss 792000 0.044981852 0.04434625
QP-Loss 793000 0.044842973 0.044187274
QP-Loss 794000 0.044704486 0.044028662
QP-Loss 795000 0.044566374 0.043870393
QP-Loss 796000 0.044428688 0.04371264
QP-Loss 797000 0.04429139 0.043555267
QP-Loss 798000 0.0441553 0.04340092
QP-Loss 799000 0.044021353 0.04325239
QP-Loss 800000 0.04388773 0.043104157
QP-Loss 801000 0.043754455 0.042956278
QP-Loss 802000 0.04362151 0.042808693
QP-Loss 803000 0.043488976 0.042661387
QP-Loss 804000 0.043356806 0.04251441
QP-Loss 805000 0.043225113 0.042368073
QP-Loss 806000 0.04309385 0.042222127
QP-Loss 807000 0.042962957 0.04207657
QP-Loss 808000 0.042832464 0.04193142
QP-Loss 809000 0.042702466 0.04178659
QP-Loss 810000 0.042572856 0.041642092
QP-Loss 811000 0.042444497 0.04150059
QP-Loss 812000 0.04231825 0.041364618
QP-Loss 813000 0.04219243 0.041228976
QP-Loss 814000 0.04206693 0.041093644
QP-Loss 815000 0.041941706 0.0409586
QP-Loss 816000 0.04181682 0.040823836
QP-Loss 817000 0.041692335 0.040689357
QP-Loss 818000 0.04156841 0.040555406
QP-Loss 819000 0.041444972 0.04042195
QP-Loss 820000 0.041322034 0.04028877
QP-Loss 821000 0.041199498 0.040155858
QP-Loss 822000 0.041077502 0.040023167
QP-Loss 823000 0.040956 0.03989088
QP-Loss 824000 0.04083479 0.039758835
QP-Loss 825000 0.040713955 0.039627183
QP-Loss 826000 0.040593546 0.03949617
QP-Loss 827000 0.040473484 0.03936553
QP-Loss 828000 0.040353734 0.03923517
QP-Loss 829000 0.040234305 0.03910513
QP-Loss 830000 0.040115207 0.03897531
QP-Loss 831000 0.03999648 0.038845804
QP-Loss 832000 0.039878037 0.03871659
QP-Loss 833000 0.03975987 0.03858767
QP-Loss 834000 0.03964209 0.038459007
QP-Loss 835000 0.03952463 0.038330663
QP-Loss 836000 0.039407533 0.038202662
QP-Loss 837000 0.03929074 0.038074944
QP-Loss 838000 0.039174285 0.037947454
QP-Loss 839000 0.039058138 0.03782028
QP-Loss 840000 0.038942304 0.03769342
Step 840915: freezing conditions [4] (losses [0.011039686389267445])
QP-Loss 841000 0.03882691 0.037566736
QP-Loss 842000 0.03871541 0.037443057
QP-Loss 843000 0.038606483 0.037322372
QP-Loss 844000 0.03849809 0.03720204
QP-Loss 845000 0.038390122 0.037082136
QP-Loss 846000 0.038282633 0.036963068
QP-Loss 847000 0.038175378 0.036844246
QP-Loss 848000 0.038068417 0.036725745
QP-Loss 849000 0.037961747 0.03660755
QP-Loss 850000 0.037855458 0.03648976
Step 850991: freezing conditions [9] (losses [0.010727288201451302])
QP-Loss 851000 0.03774948 0.036372174
QP-Loss 852000 0.03764469 0.03625422
QP-Loss 853000 0.037540287 0.03613665
QP-Loss 854000 0.03743623 0.036019288
QP-Loss 855000 0.037332404 0.0359022
QP-Loss 856000 0.037228834 0.035785303
QP-Loss 857000 0.03712557 0.035668645
QP-Loss 858000 0.03702261 0.035552252
QP-Loss 859000 0.036919992 0.035436355
QP-Loss 860000 0.0368177 0.035320777
QP-Loss 861000 0.03671578 0.03520543
QP-Loss 862000 0.036614265 0.03509026
QP-Loss 863000 0.036513258 0.0349752
QP-Loss 864000 0.036412653 0.03486035
QP-Loss 865000 0.0363123 0.034745734
QP-Loss 866000 0.03621226 0.034631506
QP-Loss 867000 0.03611261 0.03451766
QP-Loss 868000 0.036013376 0.034404155
QP-Loss 869000 0.0359145 0.034290846
QP-Loss 870000 0.035815928 0.034177788
QP-Loss 871000 0.03571765 0.03406498
QP-Loss 872000 0.03561968 0.033952393
QP-Loss 873000 0.035521973 0.033840008
QP-Loss 874000 0.03542456 0.033727862
QP-Loss 875000 0.03532739 0.03361597
QP-Loss 876000 0.035230458 0.033504337
QP-Loss 877000 0.03513384 0.033392966
QP-Loss 878000 0.035037845 0.03328286
QP-Loss 879000 0.034942422 0.033173934
QP-Loss 880000 0.034847457 0.033065792
QP-Loss 881000 0.034752805 0.03295817
QP-Loss 882000 0.034658413 0.03285075
QP-Loss 883000 0.034564286 0.032743573
QP-Loss 884000 0.034470398 0.032636628
QP-Loss 885000 0.03437682 0.03252994
QP-Loss 886000 0.034283504 0.03242346
QP-Loss 887000 0.03419049 0.03231721
QP-Loss 888000 0.03409775 0.03221116
QP-Loss 889000 0.034005255 0.032105297
QP-Loss 890000 0.03391327 0.03200042
QP-Loss 891000 0.03382195 0.031897116
QP-Loss 892000 0.03373089 0.031794246
QP-Loss 893000 0.03364006 0.0316917
QP-Loss 894000 0.033549506 0.031589355
QP-Loss 895000 0.033459228 0.031487226
QP-Loss 896000 0.033369202 0.03138529
QP-Loss 897000 0.033279415 0.03128356
QP-Loss 898000 0.033189848 0.031182006
QP-Loss 899000 0.03310053 0.03108066
QP-Loss 900000 0.033011507 0.030979505
Step 900115: freezing conditions [0] (losses [0.009106190875172615])
QP-Loss 901000 0.032923378 0.030878011
QP-Loss 902000 0.032835625 0.030776888
QP-Loss 903000 0.03274816 0.03067607
Step 903620: freezing conditions [5] (losses [0.011042257770895958])
QP-Loss 904000 0.032661304 0.03057519
QP-Loss 905000 0.03257526 0.030474158
QP-Loss 906000 0.03248941 0.030373348
QP-Loss 907000 0.03240377 0.03027281
QP-Loss 908000 0.032318417 0.030172497
QP-Loss 909000 0.03223327 0.030072393
QP-Loss 910000 0.032148406 0.029972551
QP-Loss 911000 0.032063827 0.029873108
QP-Loss 912000 0.03197952 0.029774092
QP-Loss 913000 0.031895425 0.029675316
QP-Loss 914000 0.031811554 0.029576873
QP-Loss 915000 0.031727925 0.029478662
QP-Loss 916000 0.031644534 0.029380715
QP-Loss 917000 0.031561423 0.02928306
QP-Loss 918000 0.031478647 0.02918586
QP-Loss 919000 0.03139617 0.029089015
QP-Loss 920000 0.031313907 0.028992388
QP-Loss 921000 0.03123186 0.028895972
QP-Loss 922000 0.031150041 0.028799718
QP-Loss 923000 0.03106842 0.028703736
QP-Loss 924000 0.030987069 0.028608011
QP-Loss 925000 0.030905932 0.02851252
QP-Loss 926000 0.030825054 0.028417215
QP-Loss 927000 0.03074441 0.028322116
QP-Loss 928000 0.030663976 0.0282272
QP-Loss 929000 0.030583784 0.028132483
QP-Loss 930000 0.030503822 0.028037954
QP-Loss 931000 0.030424148 0.027943868
QP-Loss 932000 0.030344918 0.027850669
QP-Loss 933000 0.030265922 0.027757656
QP-Loss 934000 0.030187145 0.027664892
QP-Loss 935000 0.030108562 0.02757237
QP-Loss 936000 0.030030167 0.027480064
QP-Loss 937000 0.02995199 0.02738806
QP-Loss 938000 0.029874003 0.027296247
QP-Loss 939000 0.029796222 0.02720465
QP-Loss 940000 0.029718632 0.027113263
QP-Loss 941000 0.029641211 0.027022079
QP-Loss 942000 0.029563976 0.026931092
QP-Loss 943000 0.029486934 0.026840385
QP-Loss 944000 0.029410085 0.02674992
QP-Loss 945000 0.029333495 0.026659654
QP-Loss 946000 0.02925711 0.026569586
QP-Loss 947000 0.029180927 0.026479775
QP-Loss 948000 0.029104931 0.02639018
QP-Loss 949000 0.02902913 0.026300777
QP-Loss 950000 0.028953562 0.02621157
QP-Loss 951000 0.028878205 0.026122574
QP-Loss 952000 0.028803071 0.026033724
QP-Loss 953000 0.028728208 0.025944998
QP-Loss 954000 0.02865357 0.025856473
QP-Loss 955000 0.028579468 0.025769128
QP-Loss 956000 0.028507242 0.025687106
QP-Loss 957000 0.028435275 0.025605256
QP-Loss 958000 0.028363502 0.0255236
QP-Loss 959000 0.028291963 0.025442244
QP-Loss 960000 0.028220624 0.025361104
QP-Loss 961000 0.028149443 0.025280142
QP-Loss 962000 0.028078457 0.025199348
QP-Loss 963000 0.028007649 0.02511871
QP-Loss 964000 0.027937084 0.025038218
QP-Loss 965000 0.027866693 0.02495793
QP-Loss 966000 0.027797023 0.024879463
QP-Loss 967000 0.02772899 0.024805563
QP-Loss 968000 0.027661135 0.024731796
QP-Loss 969000 0.02759344 0.02465817
QP-Loss 970000 0.027525993 0.024584768
QP-Loss 971000 0.027458742 0.024511568
Step 971553: freezing conditions [8] (losses [0.012773816473782063])
QP-Loss 972000 0.02739217 0.024438206
QP-Loss 973000 0.027326351 0.024364654
QP-Loss 974000 0.027260713 0.024291225
QP-Loss 975000 0.02719526 0.024217948
Step 975811: freezing conditions [3] (losses [0.010462256148457527])
QP-Loss 976000 0.027130237 0.024144731
QP-Loss 977000 0.027066125 0.024071362
QP-Loss 978000 0.027002148 0.023998102
QP-Loss 979000 0.026938481 0.023925059
QP-Loss 980000 0.026875285 0.023852773
QP-Loss 981000 0.026812263 0.023780722
QP-Loss 982000 0.026749402 0.023708818
QP-Loss 983000 0.026686748 0.02363713
QP-Loss 984000 0.026624257 0.023565581
QP-Loss 985000 0.026561946 0.02349418
QP-Loss 986000 0.026501121 0.023422021
Step 986012: freezing conditions [2] (losses [0.011232960969209671])
QP-Loss 987000 0.026441408 0.023349334
QP-Loss 988000 0.02638185 0.023276852
QP-Loss 989000 0.02632244 0.023204535
QP-Loss 990000 0.02626318 0.023132365
QP-Loss 991000 0.026204059 0.023060348
QP-Loss 992000 0.0261451 0.022988472
QP-Loss 993000 0.02608627 0.022916751
QP-Loss 994000 0.026027553 0.022845155
QP-Loss 995000 0.025968999 0.022773687
QP-Loss 996000 0.025910607 0.022702377
QP-Loss 997000 0.025852336 0.02263118
QP-Loss 998000 0.025794199 0.022560127
QP-Loss 999000 0.025736185 0.022489225
QP-Loss 1000000 0.025678307 0.022418456
QP-Loss 1001000 0.0256206 0.022347914
QP-Loss 1002000 0.025563054 0.022277594
QP-Loss 1003000 0.025505615 0.022207428
QP-Loss 1004000 0.025448292 0.022137394
QP-Loss 1005000 0.025391119 0.022067504
QP-Loss 1006000 0.02533412 0.021997757
QP-Loss 1007000 0.025277227 0.0219281
QP-Loss 1008000 0.025220476 0.021858603
QP-Loss 1009000 0.025163969 0.021789221
QP-Loss 1010000 0.025107598 0.021719957
QP-Loss 1011000 0.02505137 0.021650854
QP-Loss 1012000 0.02499526 0.021581877
QP-Loss 1013000 0.02493929 0.021513073
QP-Loss 1014000 0.024883421 0.021444373
QP-Loss 1015000 0.024827687 0.021375818
QP-Loss 1016000 0.024772078 0.021307422
QP-Loss 1017000 0.024716618 0.021239191
QP-Loss 1018000 0.024661282 0.021171069
QP-Loss 1019000 0.024606077 0.02110311
QP-Loss 1020000 0.024550991 0.021035269
QP-Loss 1021000 0.024496077 0.020967688
QP-Loss 1022000 0.024441302 0.020900272
QP-Loss 1023000 0.024386672 0.02083297
QP-Loss 1024000 0.024332171 0.020765817
QP-Loss 1025000 0.024277845 0.02069898
QP-Loss 1026000 0.024223646 0.020632332
QP-Loss 1027000 0.02416958 0.02056586
QP-Loss 1028000 0.024115624 0.020499513
QP-Loss 1029000 0.024061799 0.02043334
QP-Loss 1030000 0.024008105 0.02036728
QP-Loss 1031000 0.023954531 0.020301364
QP-Loss 1032000 0.023901066 0.02023556
QP-Loss 1033000 0.023847723 0.020169893
QP-Loss 1034000 0.023794502 0.020104352
QP-Loss 1035000 0.0237414 0.020038975
QP-Loss 1036000 0.023688426 0.019973796
QP-Loss 1037000 0.023635605 0.01990881
QP-Loss 1038000 0.02358301 0.019844053
QP-Loss 1039000 0.023530675 0.019779693
QP-Loss 1040000 0.023478597 0.019715754
QP-Loss 1041000 0.023426691 0.019651955
QP-Loss 1042000 0.02337493 0.019588334
QP-Loss 1043000 0.023323284 0.01952489
QP-Loss 1044000 0.023271749 0.019461606
QP-Loss 1045000 0.023220317 0.019398428
QP-Loss 1046000 0.023168975 0.019335346
QP-Loss 1047000 0.023117794 0.019272441
QP-Loss 1048000 0.023066746 0.019209737
QP-Loss 1049000 0.02301585 0.019147187
QP-Loss 1050000 0.02296506 0.019084748
QP-Loss 1051000 0.022914374 0.01902246
QP-Loss 1052000 0.02286379 0.018960306
QP-Loss 1053000 0.02281334 0.01889832
QP-Loss 1054000 0.02276302 0.018836467
QP-Loss 1055000 0.022712817 0.018774772
QP-Loss 1056000 0.022662705 0.018713199
QP-Loss 1057000 0.022612706 0.018651778
QP-Loss 1058000 0.022562832 0.018590463
QP-Loss 1059000 0.022513108 0.01852931
QP-Loss 1060000 0.022463536 0.01846834
QP-Loss 1061000 0.02241412 0.01840758
QP-Loss 1062000 0.022364868 0.018346999
QP-Loss 1063000 0.0223158 0.018286567
QP-Loss 1064000 0.022266896 0.01822626
QP-Loss 1065000 0.022218129 0.018166143
QP-Loss 1066000 0.022169707 0.018106861
QP-Loss 1067000 0.02212138 0.018047709
QP-Loss 1068000 0.022073144 0.017988678
QP-Loss 1069000 0.022025036 0.017929789
QP-Loss 1070000 0.021977035 0.017870944
QP-Loss 1071000 0.021929154 0.017812273
QP-Loss 1072000 0.021881409 0.017753713
QP-Loss 1073000 0.021833772 0.017695287
QP-Loss 1074000 0.021786237 0.01763699
QP-Loss 1075000 0.021739027 0.017579338
QP-Loss 1076000 0.021692088 0.017522192
QP-Loss 1077000 0.021645315 0.017465377
QP-Loss 1078000 0.021598667 0.017408766
QP-Loss 1079000 0.021552123 0.017352296
QP-Loss 1080000 0.021505743 0.017296115
QP-Loss 1081000 0.021459505 0.017240107
QP-Loss 1082000 0.02141338 0.017184237
QP-Loss 1083000 0.021367371 0.017128482
QP-Loss 1084000 0.021321451 0.017072823
QP-Loss 1085000 0.021275626 0.017017309
QP-Loss 1086000 0.021229902 0.016961899
QP-Loss 1087000 0.021184303 0.01690665
QP-Loss 1088000 0.021138811 0.016851522
QP-Loss 1089000 0.021093437 0.01679655
QP-Loss 1090000 0.021048153 0.016741715
QP-Loss 1091000 0.021003017 0.016687026
QP-Loss 1092000 0.020958006 0.016632488
QP-Loss 1093000 0.020913104 0.016578078
QP-Loss 1094000 0.02086834 0.016523806
QP-Loss 1095000 0.020823697 0.016469656
QP-Loss 1096000 0.020779202 0.016415635
QP-Loss 1097000 0.0207348 0.016361736
QP-Loss 1098000 0.02069053 0.016307957
QP-Loss 1099000 0.020646479 0.016254403
QP-Loss 1100000 0.02060257 0.01620096
QP-Loss 1101000 0.020558782 0.016147662
QP-Loss 1102000 0.020515345 0.01609526
QP-Loss 1103000 0.020472035 0.016043013
QP-Loss 1104000 0.020428825 0.015990859
QP-Loss 1105000 0.02038576 0.015938852
QP-Loss 1106000 0.02034276 0.01588695
QP-Loss 1107000 0.020299839 0.015835192
QP-Loss 1108000 0.020257005 0.015783535
QP-Loss 1109000 0.020214269 0.015731992
QP-Loss 1110000 0.020171653 0.015680578
QP-Loss 1111000 0.020129142 0.015629271
QP-Loss 1112000 0.020086708 0.01557808
QP-Loss 1113000 0.020044442 0.015527001
QP-Loss 1114000 0.020002268 0.015476035
QP-Loss 1115000 0.019960197 0.01542517
QP-Loss 1116000 0.01991824 0.015374425
QP-Loss 1117000 0.01987639 0.015323791
QP-Loss 1118000 0.019834662 0.015273288
QP-Loss 1119000 0.019793099 0.015222904
QP-Loss 1120000 0.019751627 0.015172633
QP-Loss 1121000 0.019710282 0.015122453
QP-Loss 1122000 0.019669032 0.01507238
QP-Loss 1123000 0.019627882 0.015022425
QP-Loss 1124000 0.019586824 0.014972582
QP-Loss 1125000 0.019545868 0.014922858
QP-Loss 1126000 0.019505007 0.01487322
QP-Loss 1127000 0.019464241 0.014823727
QP-Loss 1128000 0.019423565 0.014774318
QP-Loss 1129000 0.019383004 0.01472501
QP-Loss 1130000 0.019342588 0.014675802
QP-Loss 1131000 0.019302264 0.014626705
QP-Loss 1132000 0.019262027 0.014577737
QP-Loss 1133000 0.019221878 0.014528863
QP-Loss 1134000 0.019181816 0.014480091
QP-Loss 1135000 0.019141844 0.014431453
QP-Loss 1136000 0.01910195 0.014382935
QP-Loss 1137000 0.019062152 0.014334558
QP-Loss 1138000 0.01902245 0.014286273
QP-Loss 1139000 0.018982837 0.014238098
QP-Loss 1140000 0.018943308 0.014190039
QP-Loss 1141000 0.018903876 0.014142085
QP-Loss 1142000 0.018864539 0.014094224
QP-Loss 1143000 0.018825296 0.0140464865
QP-Loss 1144000 0.018786177 0.013998866
QP-Loss 1145000 0.018747158 0.013951378
QP-Loss 1146000 0.018708335 0.013904344
QP-Loss 1147000 0.018669628 0.013857537
QP-Loss 1148000 0.018631043 0.013810894
QP-Loss 1149000 0.018592551 0.0137643535
QP-Loss 1150000 0.018554164 0.013717909
QP-Loss 1151000 0.01851591 0.013671597
QP-Loss 1152000 0.018477758 0.013625403
QP-Loss 1153000 0.0184397 0.013579311
QP-Loss 1154000 0.01840174 0.013533325
QP-Loss 1155000 0.018363878 0.01348746
QP-Loss 1156000 0.018326096 0.013441684
QP-Loss 1157000 0.01828841 0.013396032
QP-Loss 1158000 0.018250816 0.013350496
QP-Loss 1159000 0.018213307 0.013305069
QP-Loss 1160000 0.018175904 0.013259781
QP-Loss 1161000 0.018138839 0.013215389
QP-Loss 1162000 0.018101903 0.0131712025
QP-Loss 1163000 0.018065056 0.013127135
QP-Loss 1164000 0.018028317 0.013083181
QP-Loss 1165000 0.017991683 0.013039342
QP-Loss 1166000 0.017955154 0.012995616
QP-Loss 1167000 0.017918693 0.012951985
QP-Loss 1168000 0.01788234 0.012908539
QP-Loss 1169000 0.01784609 0.012865286
QP-Loss 1170000 0.01780992 0.012822146
QP-Loss 1171000 0.017773867 0.012779118
QP-Loss 1172000 0.017737906 0.012736206
QP-Loss 1173000 0.017702034 0.012693377
QP-Loss 1174000 0.01766625 0.012650684
QP-Loss 1175000 0.017630575 0.012608181
QP-Loss 1176000 0.017594991 0.01256579
QP-Loss 1177000 0.017559504 0.012523548
QP-Loss 1178000 0.017524153 0.012481578
QP-Loss 1179000 0.017489387 0.012441287
QP-Loss 1180000 0.017455244 0.012402836
QP-Loss 1181000 0.017421223 0.012364593
QP-Loss 1182000 0.017387295 0.012326495
QP-Loss 1183000 0.017353488 0.012288586
QP-Loss 1184000 0.017319834 0.012250911
QP-Loss 1185000 0.017286265 0.012213346
QP-Loss 1186000 0.017252762 0.012175878
QP-Loss 1187000 0.017220002 0.012140639
QP-Loss 1188000 0.017187783 0.012106952
QP-Loss 1189000 0.017155673 0.012073412
QP-Loss 1190000 0.017123682 0.0120399725
QP-Loss 1191000 0.017091779 0.012006662
QP-Loss 1192000 0.017059943 0.011973433
QP-Loss 1193000 0.01702816 0.011940287
QP-Loss 1194000 0.016996453 0.011907228
QP-Loss 1195000 0.01696483 0.011874269
QP-Loss 1196000 0.01693327 0.011841388
QP-Loss 1197000 0.016901772 0.011808584
QP-Loss 1198000 0.016870342 0.011775863
QP-Loss 1199000 0.01683897 0.011743231
QP-Loss 1200000 0.016807655 0.011710662
QP-Loss 1201000 0.016776407 0.011678177
QP-Loss 1202000 0.01674523 0.011645751
QP-Loss 1203000 0.016714133 0.011613419
QP-Loss 1204000 0.016683111 0.011581155
QP-Loss 1205000 0.016652176 0.011548962
QP-Loss 1206000 0.016621338 0.011516887
QP-Loss 1207000 0.016590593 0.011484882
QP-Loss 1208000 0.016559908 0.011452953
QP-Loss 1209000 0.016529284 0.011421101
QP-Loss 1210000 0.016498718 0.011389319
QP-Loss 1211000 0.016468214 0.011357614
QP-Loss 1212000 0.016437788 0.0113259815
QP-Loss 1213000 0.016407462 0.011294419
QP-Loss 1214000 0.01637722 0.011262955
QP-Loss 1215000 0.016347067 0.011231645
QP-Loss 1216000 0.016316982 0.011200412
QP-Loss 1217000 0.016286978 0.011169257
QP-Loss 1218000 0.01625707 0.011138213
QP-Loss 1219000 0.016227227 0.01110726
QP-Loss 1220000 0.016197447 0.011076389
QP-Loss 1221000 0.016167752 0.011045586
QP-Loss 1222000 0.01613815 0.011014901
QP-Loss 1223000 0.016108626 0.010984284
QP-Loss 1224000 0.01607917 0.010953762
QP-Loss 1225000 0.016049795 0.010923367
QP-Loss 1226000 0.016020494 0.010893081
QP-Loss 1227000 0.01599132 0.01086286
QP-Loss 1228000 0.015962252 0.010832704
QP-Loss 1229000 0.015933268 0.010802616
QP-Loss 1230000 0.015904387 0.010772596
QP-Loss 1231000 0.01587558 0.010742625
QP-Loss 1232000 0.015846832 0.010712722
QP-Loss 1233000 0.015818141 0.010682889
QP-Loss 1234000 0.015789527 0.010653142
QP-Loss 1235000 0.015760975 0.01062345
QP-Loss 1236000 0.015732506 0.010593819
QP-Loss 1237000 0.015704097 0.010564275
QP-Loss 1238000 0.01567574 0.010534771
QP-Loss 1239000 0.01564745 0.010505355
QP-Loss 1240000 0.015619237 0.010476043
QP-Loss 1241000 0.01559109 0.010446835
QP-Loss 1242000 0.015563019 0.010417736
QP-Loss 1243000 0.015534993 0.010388676
QP-Loss 1244000 0.015507057 0.010359697
QP-Loss 1245000 0.015479182 0.010330784
QP-Loss 1246000 0.015451387 0.010301939
QP-Loss 1247000 0.015423668 0.010273195
QP-Loss 1248000 0.015396039 0.010244614
QP-Loss 1249000 0.015368618 0.010216577
QP-Loss 1250000 0.015341271 0.010188624
QP-Loss 1251000 0.015313993 0.010160725
QP-Loss 1252000 0.015286786 0.010132926
QP-Loss 1253000 0.015259626 0.010105109
QP-Loss 1254000 0.015232503 0.010077261
QP-Loss 1255000 0.015205391 0.010049304
QP-Loss 1256000 0.01517832 0.010021394
QP-Loss 1257000 0.015151352 0.009993684
QP-Loss 1258000 0.015124445 0.009966036
QP-Loss 1259000 0.015097606 0.009938443
QP-Loss 1260000 0.015070821 0.009910919
QP-Loss 1261000 0.015044092 0.009883456
QP-Loss 1262000 0.015017425 0.0098560555
QP-Loss 1263000 0.014990834 0.009828718
QP-Loss 1264000 0.0149643 0.009801461
QP-Loss 1265000 0.014937823 0.009774258
QP-Loss 1266000 0.014911447 0.009747112
QP-Loss 1267000 0.014885168 0.009720169
QP-Loss 1268000 0.014858961 0.009693316
QP-Loss 1269000 0.014832812 0.00966653
QP-Loss 1270000 0.014806739 0.0096398
QP-Loss 1271000 0.014780787 0.009613364
QP-Loss 1272000 0.014754909 0.009587061
QP-Loss 1273000 0.014729082 0.009560826
QP-Loss 1274000 0.014703308 0.009534658
QP-Loss 1275000 0.014677584 0.009508492
QP-Loss 1276000 0.014651917 0.009482272
QP-Loss 1277000 0.014626323 0.0094561605
QP-Loss 1278000 0.014600796 0.009430111
QP-Loss 1279000 0.01457533 0.009404123
QP-Loss 1280000 0.014549938 0.009378176
Step 1280999: freezing conditions [10] (losses [0.019296394661068916])
QP-Loss 1281000 0.014525806 0.009352916
QP-Loss 1282000 0.014503422 0.009328593
QP-Loss 1283000 0.014481076 0.009304304
QP-Loss 1284000 0.014458772 0.009280079
QP-Loss 1285000 0.014436503 0.009255906
QP-Loss 1286000 0.014414276 0.0092318
QP-Loss 1287000 0.014392092 0.009207725
QP-Loss 1288000 0.01436996 0.009183705
QP-Loss 1289000 0.014347873 0.009159742
QP-Loss 1290000 0.014325823 0.009135829
QP-Loss 1291000 0.014303811 0.009111961
QP-Loss 1292000 0.014281864 0.009088151
QP-Loss 1293000 0.014259972 0.009064388
QP-Loss 1294000 0.014238116 0.009040686
QP-Loss 1295000 0.014216307 0.009017021
QP-Loss 1296000 0.014194558 0.008993413
QP-Loss 1297000 0.014172849 0.008969861
QP-Loss 1298000 0.01415119 0.008946368
QP-Loss 1299000 0.014129584 0.00892296
QP-Loss 1300000 0.014108069 0.0088997455
QP-Loss 1301000 0.014086594 0.008876582
QP-Loss 1302000 0.014065159 0.008853475
QP-Loss 1303000 0.014043755 0.008830409
QP-Loss 1304000 0.014022396 0.00880741
QP-Loss 1305000 0.014001094 0.008784453
QP-Loss 1306000 0.01397984 0.008761547
QP-Loss 1307000 0.013958618 0.008738683
QP-Loss 1308000 0.013937441 0.008715871
QP-Loss 1309000 0.013916321 0.008693117
QP-Loss 1310000 0.013895259 0.008670408
QP-Loss 1311000 0.013874258 0.0086477585
QP-Loss 1312000 0.013853319 0.008625159
QP-Loss 1313000 0.013832428 0.008602589
QP-Loss 1314000 0.013811588 0.008580085
QP-Loss 1315000 0.013790794 0.008557632
QP-Loss 1316000 0.013770041 0.0085352305
QP-Loss 1317000 0.013749356 0.008512871
QP-Loss 1318000 0.013728735 0.008490558
QP-Loss 1319000 0.013708171 0.008468304
QP-Loss 1320000 0.013687643 0.008446094
QP-Loss 1321000 0.013667165 0.008423988
QP-Loss 1322000 0.0136467265 0.0084019415
QP-Loss 1323000 0.013626347 0.008379941
QP-Loss 1324000 0.01360606 0.008358141
QP-Loss 1325000 0.013585836 0.008336436
QP-Loss 1326000 0.013565677 0.008314869
QP-Loss 1327000 0.013545607 0.008293529
QP-Loss 1328000 0.013525569 0.008272242
QP-Loss 1329000 0.013505571 0.008251008
QP-Loss 1330000 0.013485619 0.008229839
QP-Loss 1331000 0.013465715 0.0082087135
QP-Loss 1332000 0.013445854 0.008187661
QP-Loss 1333000 0.013426053 0.0081666475
QP-Loss 1334000 0.013406304 0.008145682
QP-Loss 1335000 0.013386592 0.008124777
QP-Loss 1336000 0.013366919 0.008103944
QP-Loss 1337000 0.013347288 0.008083185
QP-Loss 1338000 0.013327691 0.008062472
QP-Loss 1339000 0.013308124 0.008041808
QP-Loss 1340000 0.013288595 0.008021201
QP-Loss 1341000 0.013269109 0.008000675
QP-Loss 1342000 0.01324967 0.0079802405
QP-Loss 1343000 0.013230272 0.007959882
QP-Loss 1344000 0.013210916 0.007939601
QP-Loss 1345000 0.013191593 0.007919366
QP-Loss 1346000 0.013172301 0.007899177
QP-Loss 1347000 0.013153051 0.00787906
QP-Loss 1348000 0.013133834 0.0078589935
QP-Loss 1349000 0.013114691 0.007839082
QP-Loss 1350000 0.013095722 0.007819527
QP-Loss 1351000 0.013076785 0.0078000207
QP-Loss 1352000 0.013057887 0.007780579
QP-Loss 1353000 0.013039046 0.007761199
QP-Loss 1354000 0.013020251 0.007741862
QP-Loss 1355000 0.013001504 0.0077225887
QP-Loss 1356000 0.012982789 0.0077033597
QP-Loss 1357000 0.012964149 0.007684191
QP-Loss 1358000 0.012945566 0.007665067
QP-Loss 1359000 0.012927026 0.007646
QP-Loss 1360000 0.012908521 0.00762699
QP-Loss 1361000 0.012890068 0.0076080426
QP-Loss 1362000 0.012871653 0.0075891404
QP-Loss 1363000 0.012853276 0.007570298
QP-Loss 1364000 0.012834936 0.007551525
QP-Loss 1365000 0.01281663 0.0075328043
QP-Loss 1366000 0.012798359 0.0075141257
QP-Loss 1367000 0.0127801215 0.007495506
QP-Loss 1368000 0.012761921 0.007476945
QP-Loss 1369000 0.012743753 0.007458437
QP-Loss 1370000 0.012725629 0.007439983
QP-Loss 1371000 0.012707555 0.007421574
QP-Loss 1372000 0.012689515 0.0074032256
QP-Loss 1373000 0.012671519 0.007384949
QP-Loss 1374000 0.012653559 0.007366756
QP-Loss 1375000 0.01263564 0.007348647
QP-Loss 1376000 0.012617745 0.007330587
QP-Loss 1377000 0.0125998845 0.0073125814
QP-Loss 1378000 0.012582074 0.007294688
QP-Loss 1379000 0.012564314 0.0072769127
QP-Loss 1380000 0.012546599 0.0072592217
QP-Loss 1381000 0.012528908 0.007241564
QP-Loss 1382000 0.012511253 0.007223958
QP-Loss 1383000 0.012493647 0.0072064195
QP-Loss 1384000 0.012476067 0.007188919
QP-Loss 1385000 0.012458523 0.00717145
QP-Loss 1386000 0.012441029 0.0071540596
QP-Loss 1387000 0.0124235675 0.0071367077
QP-Loss 1388000 0.012406145 0.0071194163
QP-Loss 1389000 0.012388751 0.0071021654
QP-Loss 1390000 0.012371388 0.007084968
QP-Loss 1391000 0.012354062 0.0070678424
QP-Loss 1392000 0.012336772 0.007050777
QP-Loss 1393000 0.012319531 0.007033763
QP-Loss 1394000 0.012302343 0.0070168045
Step 1394408: freezing conditions [19] (losses [0.009199460037052631])
QP-Loss 1395000 0.012285638 0.006999686
QP-Loss 1396000 0.012269276 0.006982481
QP-Loss 1397000 0.012252941 0.006965323
QP-Loss 1398000 0.01223664 0.0069482294
QP-Loss 1399000 0.012220378 0.006931173
QP-Loss 1400000 0.012204167 0.00691415
QP-Loss 1401000 0.012187976 0.006897151
QP-Loss 1402000 0.012171823 0.0068802102
Step 1402139: freezing conditions [11] (losses [0.009782870300114155])
QP-Loss 1403000 0.012156417 0.006863114
QP-Loss 1404000 0.012141153 0.0068460205
QP-Loss 1405000 0.012125931 0.0068290243
QP-Loss 1406000 0.01211074 0.0068120873
QP-Loss 1407000 0.0120955845 0.0067952154
QP-Loss 1408000 0.012080458 0.0067784023
QP-Loss 1409000 0.012065376 0.0067617036
QP-Loss 1410000 0.012050346 0.0067450847
Step 1410924: freezing conditions [13] (losses [0.008721698075532913])
QP-Loss 1411000 0.012035419 0.006728502
QP-Loss 1412000 0.012021199 0.006711651
QP-Loss 1413000 0.012007003 0.006694858
QP-Loss 1414000 0.011992835 0.0066781156
QP-Loss 1415000 0.011978701 0.00666145
QP-Loss 1416000 0.011964594 0.006644819
Step 1416932: freezing conditions [14] (losses [0.008391785435378551])
QP-Loss 1417000 0.011950575 0.006628227
QP-Loss 1418000 0.01193725 0.006611327
QP-Loss 1419000 0.011923955 0.006594468
QP-Loss 1420000 0.011910702 0.006577674
QP-Loss 1421000 0.0118974745 0.006560932
QP-Loss 1422000 0.011884272 0.006544248
QP-Loss 1423000 0.011871169 0.0065278625
QP-Loss 1424000 0.011858168 0.0065117823
QP-Loss 1425000 0.011845187 0.006495766
QP-Loss 1426000 0.011832236 0.0064798137
QP-Loss 1427000 0.011819333 0.0064639985
QP-Loss 1428000 0.011806484 0.0064483318
QP-Loss 1429000 0.011793674 0.006432709
QP-Loss 1430000 0.011780899 0.006417135
QP-Loss 1431000 0.011768162 0.0064016245
QP-Loss 1432000 0.011755462 0.00638617
QP-Loss 1433000 0.011742798 0.0063707703
QP-Loss 1434000 0.011730158 0.006355426
QP-Loss 1435000 0.011717546 0.0063401456
QP-Loss 1436000 0.011704956 0.0063249217
QP-Loss 1437000 0.011692387 0.0063097407
QP-Loss 1438000 0.011679846 0.0062946295
QP-Loss 1439000 0.011667334 0.006279569
QP-Loss 1440000 0.011654857 0.0062645725
QP-Loss 1441000 0.011642404 0.0062496196
QP-Loss 1442000 0.011629979 0.0062347334
QP-Loss 1443000 0.011617581 0.0062198997
QP-Loss 1444000 0.011605228 0.0062051895
QP-Loss 1445000 0.011592929 0.0061906287
QP-Loss 1446000 0.011580666 0.0061761625
QP-Loss 1447000 0.011568424 0.006161756
QP-Loss 1448000 0.0115562 0.0061473954
Step 1448983: freezing conditions [12] (losses [0.008789443410933018])
QP-Loss 1449000 0.011544033 0.006133092
Step 1449391: freezing conditions [15] (losses [0.009390098974108696])
QP-Loss 1450000 0.011533099 0.006118324
QP-Loss 1451000 0.011522509 0.0061035063
QP-Loss 1452000 0.011511929 0.0060887057
QP-Loss 1453000 0.011501376 0.0060739736
QP-Loss 1454000 0.011490844 0.006059299
QP-Loss 1455000 0.011480335 0.006044681
QP-Loss 1456000 0.0114698475 0.006030122
QP-Loss 1457000 0.011459418 0.006015728
Step 1457424: freezing conditions [17] (losses [0.008108031004667282])
QP-Loss 1458000 0.011449407 0.0060011544
QP-Loss 1459000 0.011439717 0.005986464
Step 1459155: freezing conditions [21] (losses [0.009200789034366608])
QP-Loss 1460000 0.011430715 0.005971579
QP-Loss 1461000 0.011421867 0.0059566763
QP-Loss 1462000 0.011413033 0.005941828
QP-Loss 1463000 0.011404221 0.005927026
QP-Loss 1464000 0.011395422 0.005912266
QP-Loss 1465000 0.01138664 0.0058975588
QP-Loss 1466000 0.011377876 0.00588291
QP-Loss 1467000 0.011369139 0.005868341
QP-Loss 1468000 0.011360459 0.0058539505
QP-Loss 1469000 0.011351789 0.0058396067
QP-Loss 1470000 0.011343139 0.0058253044
QP-Loss 1471000 0.01133451 0.0058110617
QP-Loss 1472000 0.011325891 0.0057968525
QP-Loss 1473000 0.011317295 0.0057826973
QP-Loss 1474000 0.011308723 0.0057685752
QP-Loss 1475000 0.011300179 0.0057545127
QP-Loss 1476000 0.011291671 0.0057405336
QP-Loss 1477000 0.011283181 0.0057266084
QP-Loss 1478000 0.011274706 0.0057127243
QP-Loss 1479000 0.011266246 0.0056988904
QP-Loss 1480000 0.011257801 0.0056850985
QP-Loss 1481000 0.011249371 0.005671356
QP-Loss 1482000 0.011240956 0.005657665
QP-Loss 1483000 0.011232558 0.005644021
QP-Loss 1484000 0.011224173 0.00563042
QP-Loss 1485000 0.011215806 0.0056168693
QP-Loss 1486000 0.011207457 0.0056033717
QP-Loss 1487000 0.01119912 0.0055899206
QP-Loss 1488000 0.011190799 0.005576512
QP-Loss 1489000 0.011182495 0.005563155
QP-Loss 1490000 0.011174201 0.0055498364
QP-Loss 1491000 0.011165927 0.005536582
QP-Loss 1492000 0.0111576645 0.005523362
QP-Loss 1493000 0.011149418 0.0055101933
QP-Loss 1494000 0.011141184 0.0054970663
QP-Loss 1495000 0.011132973 0.005484013
QP-Loss 1496000 0.011124778 0.005471017
QP-Loss 1497000 0.011116606 0.00545809
QP-Loss 1498000 0.011108444 0.005445196
QP-Loss 1499000 0.011100301 0.005432364
QP-Loss 1500000 0.011092174 0.0054195803
QP-Loss 1501000 0.011084061 0.0054068435
QP-Loss 1502000 0.011075966 0.005394146
QP-Loss 1503000 0.011067885 0.005381499
QP-Loss 1504000 0.01105982 0.005368901
QP-Loss 1505000 0.011051785 0.005356356
Step 1505065: freezing conditions [16] (losses [0.007316942792385817])
QP-Loss 1506000 0.0110443495 0.005343484
QP-Loss 1507000 0.011036987 0.005330689
QP-Loss 1508000 0.011029643 0.0053179613
QP-Loss 1509000 0.011022312 0.005305268
QP-Loss 1510000 0.011014998 0.0052926266
QP-Loss 1511000 0.011007701 0.0052800346
QP-Loss 1512000 0.011000417 0.0052674776
QP-Loss 1513000 0.010993145 0.00525497
QP-Loss 1514000 0.0109858895 0.005242514
QP-Loss 1515000 0.010978649 0.0052301004
QP-Loss 1516000 0.01097142 0.0052177277
QP-Loss 1517000 0.010964207 0.0052054008
QP-Loss 1518000 0.010957009 0.005193131
QP-Loss 1519000 0.010949823 0.005180905
QP-Loss 1520000 0.01094265 0.005168726
QP-Loss 1521000 0.010935489 0.0051565953
QP-Loss 1522000 0.010928341 0.0051445113
QP-Loss 1523000 0.010921207 0.005132473
QP-Loss 1524000 0.0109140845 0.0051204828
QP-Loss 1525000 0.010906979 0.0051085483
QP-Loss 1526000 0.010899902 0.0050967047
QP-Loss 1527000 0.010892846 0.0050849034
QP-Loss 1528000 0.010885805 0.0050731455
QP-Loss 1529000 0.010878779 0.0050614406
QP-Loss 1530000 0.010871768 0.0050497805
QP-Loss 1531000 0.010864769 0.0050381683
QP-Loss 1532000 0.010857786 0.0050266082
QP-Loss 1533000 0.010850813 0.0050150887
QP-Loss 1534000 0.0108438535 0.005003614
QP-Loss 1535000 0.010836907 0.004992189
QP-Loss 1536000 0.01082997 0.0049808077
QP-Loss 1537000 0.010823051 0.004969484
QP-Loss 1538000 0.010816142 0.004958194
QP-Loss 1539000 0.010809246 0.0049469583
QP-Loss 1540000 0.010802365 0.0049357717
QP-Loss 1541000 0.010795501 0.004924642
QP-Loss 1542000 0.010788648 0.0049135615
QP-Loss 1543000 0.010781809 0.0049025235
QP-Loss 1544000 0.01077498 0.004891529
QP-Loss 1545000 0.010768164 0.0048805843
QP-Loss 1546000 0.0107613625 0.004869688
QP-Loss 1547000 0.010754577 0.004858835
Step 1547374: freezing conditions [23] (losses [0.006104504223912954])
QP-Loss 1548000 0.010748128 0.00484771
QP-Loss 1549000 0.010741879 0.0048364527
QP-Loss 1550000 0.010735647 0.0048252298
QP-Loss 1551000 0.010729422 0.004814036
QP-Loss 1552000 0.010723211 0.0048028873
QP-Loss 1553000 0.010717016 0.004791782
QP-Loss 1554000 0.010710831 0.0047807214
QP-Loss 1555000 0.010704664 0.0047697034
QP-Loss 1556000 0.010698508 0.00475872
QP-Loss 1557000 0.010692363 0.0047477847
QP-Loss 1558000 0.010686238 0.0047368887
QP-Loss 1559000 0.0106801465 0.0047260807
QP-Loss 1560000 0.01067409 0.0047153826
QP-Loss 1561000 0.010668051 0.00470474
QP-Loss 1562000 0.010662027 0.0046941354
QP-Loss 1563000 0.010656014 0.004683582
QP-Loss 1564000 0.010650013 0.004673076
QP-Loss 1565000 0.010644021 0.0046626073
QP-Loss 1566000 0.010638044 0.004652189
QP-Loss 1567000 0.010632086 0.004641798
Step 1567061: freezing conditions [22] (losses [0.006136324722319841])
QP-Loss 1568000 0.010626619 0.004630987
QP-Loss 1569000 0.010621195 0.004620189
QP-Loss 1570000 0.010615782 0.004609432
QP-Loss 1571000 0.01061038 0.0045987256
QP-Loss 1572000 0.0106049925 0.004588066
QP-Loss 1573000 0.010599613 0.0045774435
Step 1573954: freezing conditions [20] (losses [0.006123278755694628])
QP-Loss 1574000 0.010594282 0.004566837
QP-Loss 1575000 0.010589448 0.004555787
QP-Loss 1576000 0.010584625 0.0045447787
Step 1576948: freezing conditions [18] (losses [0.006038263905793428])
QP-Loss 1577000 0.0105798505 0.0045337677
QP-Loss 1578000 0.010575567 0.004522326
QP-Loss 1579000 0.010571296 0.0045109238
QP-Loss 1580000 0.010567033 0.004499565
QP-Loss 1581000 0.0105627775 0.0044882433
QP-Loss 1582000 0.0105585335 0.0044769607
QP-Loss 1583000 0.010554295 0.004465716
QP-Loss 1584000 0.010550068 0.004454516
QP-Loss 1585000 0.010545846 0.004443344
QP-Loss 1586000 0.0105416505 0.0044322563
QP-Loss 1587000 0.010537473 0.0044212323
QP-Loss 1588000 0.010533303 0.0044102473
QP-Loss 1589000 0.010529141 0.0043992945
QP-Loss 1590000 0.010524985 0.004388376
QP-Loss 1591000 0.010520838 0.0043774988
QP-Loss 1592000 0.010516706 0.0043666717
QP-Loss 1593000 0.010512588 0.0043559014
QP-Loss 1594000 0.010508475 0.0043451632
QP-Loss 1595000 0.010504373 0.0043344675
QP-Loss 1596000 0.010500283 0.0043238173
QP-Loss 1597000 0.010496198 0.004313198
QP-Loss 1598000 0.010492124 0.004302625
QP-Loss 1599000 0.010488058 0.0042920876
QP-Loss 1600000 0.010484 0.004281587
QP-Loss 1601000 0.010479953 0.0042711324
QP-Loss 1602000 0.010475916 0.004260719
QP-Loss 1603000 0.010471885 0.0042503425
QP-Loss 1604000 0.0104678655 0.0042400076
QP-Loss 1605000 0.0104638515 0.0042297053
QP-Loss 1606000 0.010459848 0.0042194426
QP-Loss 1607000 0.010455851 0.004209224
QP-Loss 1608000 0.0104518635 0.0041990345
QP-Loss 1609000 0.010447885 0.0041888882
QP-Loss 1610000 0.010443914 0.0041787797
QP-Loss 1611000 0.010439947 0.0041687037
QP-Loss 1612000 0.010435995 0.004158675
QP-Loss 1613000 0.010432047 0.0041486765
QP-Loss 1614000 0.010428108 0.004138719
QP-Loss 1615000 0.010424177 0.004128797
QP-Loss 1616000 0.010420254 0.004118915
QP-Loss 1617000 0.010416338 0.0041090674
QP-Loss 1618000 0.010412431 0.00409926
QP-Loss 1619000 0.010408533 0.0040894896
QP-Loss 1620000 0.010404645 0.0040797647
QP-Loss 1621000 0.010400764 0.0040700724
QP-Loss 1622000 0.010396891 0.004060421
QP-Loss 1623000 0.010393025 0.0040508052
QP-Loss 1624000 0.01038917 0.0040412303
QP-Loss 1625000 0.010385322 0.004031693
QP-Loss 1626000 0.010381484 0.0040222
QP-Loss 1627000 0.010377653 0.0040127384
QP-Loss 1628000 0.010373832 0.0040033213
QP-Loss 1629000 0.010370017 0.0039939377
QP-Loss 1630000 0.010366212 0.0039845943
QP-Loss 1631000 0.010362414 0.0039752885
QP-Loss 1632000 0.010358625 0.003966023
QP-Loss 1633000 0.010354845 0.003956796
QP-Loss 1634000 0.010351072 0.003947605
QP-Loss 1635000 0.010347312 0.0039384654
QP-Loss 1636000 0.010343565 0.0039293715
QP-Loss 1637000 0.010339825 0.0039203158
QP-Loss 1638000 0.010336095 0.0039113
QP-Loss 1639000 0.010332371 0.003902321
QP-Loss 1640000 0.010328659 0.0038933868
QP-Loss 1641000 0.010324956 0.0038844936
QP-Loss 1642000 0.010321259 0.0038756316
QP-Loss 1643000 0.010317572 0.0038668152
QP-Loss 1644000 0.010313894 0.003858035
QP-Loss 1645000 0.010310222 0.0038492912
QP-Loss 1646000 0.0103065595 0.0038405857
QP-Loss 1647000 0.010302912 0.003831938
QP-Loss 1648000 0.010299294 0.003823378
QP-Loss 1649000 0.010295684 0.0038148556
QP-Loss 1650000 0.010292082 0.0038063708
QP-Loss 1651000 0.010288491 0.0037979286
QP-Loss 1652000 0.010284908 0.0037895273
QP-Loss 1653000 0.01028133 0.0037811543
QP-Loss 1654000 0.010277763 0.003772827
QP-Loss 1655000 0.010274204 0.0037645383
QP-Loss 1656000 0.010270654 0.003756287
QP-Loss 1657000 0.010267112 0.003748073
QP-Loss 1658000 0.010263579 0.0037398979
QP-Loss 1659000 0.010260052 0.0037317567
QP-Loss 1660000 0.010256535 0.0037236589
QP-Loss 1661000 0.010253024 0.003715592
QP-Loss 1662000 0.010249523 0.0037075672
QP-Loss 1663000 0.01024603 0.0036995795
QP-Loss 1664000 0.010242572 0.003691691
Step 1664975: freezing conditions [7] (losses [0.01835436373949051])
QP-Loss 1665000 0.010239421 0.0036845084
QP-Loss 1666000 0.010237862 0.0036808604
Step 1666226: freezing conditions [6] (losses [0.018833640962839127])
All 24 conditions plateaued at step 1666226; exiting GD loop.
AMN output shapes for PoutV, SV, PinV, Vpos, V, outputs (24, 624) (24, 1) (24, 1) (24, 1) (24, 624) (24, 1875)
R2 = -0.45 (+/- 0.00) Constraint = 0.01 (+/- 0.00)
Loss Constrained Targets 0.0011861053
Loss SV 0.090507485
Loss Vin bound 6.7244946e-07
Loss V positive 0.0
Time elapsed:  9:24:28.105185
